ab	82.29	77.27	88.24	80.69
abelian	17.46	70.95	35.3	17.12
ablation	48.78	58.43	41.18	51.95
absence	17.46	68.39	52.95	25.69
absolute	30.21	68.52	58.83	47.03
absorbing	34.12	54.74	47.06	38.19
absorption	86.59	84.27	58.83	86.47
ac	56.12	64.58	47.06	57.96
accelerated	29.01	53.3	35.3	32.6
acceleration	39.51	70.51	52.95	52.49
accelerator	34.12	59.22	11.77	39.26
acceptor	49.54	59.56	52.95	51.19
acceptors	40.04	53.3	17.65	40.72
accumulation	40.04	61.63	35.3	45.26
accuracy	22.57	58.01	23.53	28.45
accurate	24.52	62.94	52.95	33.46
acid	20.28	43.18	52.95	31.69
acoustic	65.08	67.96	41.18	66.01
actinide	44.8	50.52	52.95	44.94
action	64.41	66.15	52.95	63.6
actions	42.85	50.8	58.83	42.43
activated	46.48	54.95	41.18	45.58
activation	46.16	56.26	29.42	46.18
active	42.43	57.22	52.95	44.61
activity	42.43	45.92	52.95	42.43
adaptive	24.52	49.98	82.36	27.14
adatom	31.31	63.25	41.18	49.51
adatoms	31.31	61.14	58.83	43.57
addendum	0	43.58	64.71	8.56
additional	17.46	45.61	35.3	24.04
adhesion	17.46	44.15	70.59	24.04
adiabatic	58.99	75.08	47.06	58.84
ads	0	63.22	88.24	0
adsorbate	43.27	64.73	47.06	45.26
adsorbates	22.57	54.77	23.53	36.38
adsorbed	54.73	69.88	47.06	60.33
adsorption	54.73	76.35	58.83	67.56
affine	51.38	48.35	47.06	50.79
ag	0	77.65	47.06	8.56
aggregates	43.27	59.24	64.71	44.94
aggregation	63.55	71.33	82.36	63.6
aging	27.68	62.95	88.24	35.71
aharonov	0	72.27	70.59	0
air	41.98	50.85	29.42	45.58
al	83.12	85.08	58.83	81.58
alas	0	75.55	82.36	0
alfv	0	45.12	47.06	0
algebra	41.53	66.19	94.12	44.94
algebraic	38.36	56.07	29.42	39.26
algorithm	38.36	67.67	76.48	55.03
algorithms	36.42	58.89	52.95	48.58
aligned	35.7	53.68	41.18	38.19
alignment	38.94	61.06	41.18	45.26
alkali	76.75	70.05	58.83	76.88
alkaline	61.43	53.58	58.83	60.42
alloy	52	71.67	41.18	56.65
alloying	37.74	49.25	29.42	37.01
alloys	64.49	78.66	70.59	70.55
aln	0	58.65	76.48	0
alpha	49.78	63.12	64.71	48.82
alphen	0	59.03	88.24	0
alternating	36.42	61.37	35.3	45.58
alternative	29.01	56.02	41.18	33.46
aluminum	47.96	66.79	82.36	50.59
amorphization	47.68	53.64	70.59	48.08
amorphous	78.92	79.92	41.18	79.38
amplification	44.8	63.77	29.42	44.94
amplifier	43.27	56.64	29.42	43.2
amplitude	52.6	66.96	52.95	56.52
amplitudes	57.11	69.7	58.83	60.04
analog	51.59	58.28	58.83	50.79
analyses	37.1	57.94	58.83	48.08
analysis	59.11	80.57	58.83	72.69
analytic	34.93	60.68	47.06	40.72
analytical	39.51	62.1	58.83	43.2
analyzing	58.15	66.89	64.71	57.02
anchoring	37.1	62.14	64.71	51.57
anderson	0	73.43	29.42	0
andreev	0	67.68	82.36	0
angle	74.17	75.42	52.95	73.39
angles	49.54	59.13	47.06	48.82
angular	75.24	71.9	76.48	74.48
anharmonic	55.37	60.26	47.06	55.03
anharmonicity	32.32	51.38	41.18	35.71
anisotropic	56.41	76.85	52.95	63.95
anisotropies	44.05	60.86	29.42	47.03
anisotropy	68.19	80.57	52.95	73.42
annealed	29.01	50.71	52.95	31.69
annealing	41.05	55.41	29.42	43.93
annihilation	67.79	72.54	76.48	67.82
annihilations	35.7	53.58	35.3	37.61
anomalies	36.42	62.82	29.42	43.93
anomalous	59.89	74.76	58.83	61.05
anomaly	42.43	62.37	52.95	43.93
ansatz	32.32	58.26	47.06	42.82
anti	63.05	65.09	41.18	63.08
antidot	41.98	59.03	64.71	41.6
antiferroelectric	47.39	56.41	5.89	49.28
antiferromagnet	64.33	82.23	23.53	68.56
antiferromagnetic	59.23	83.94	52.95	71.95
antiferromagnetism	37.1	69	35.3	45.88
antiferromagnets	55.68	77.6	47.06	60.7
antiproton	49.04	61.02	58.83	52.67
antiprotons	32.32	52.09	47.06	35
apparent	31.31	48.64	52.95	31.69
appearance	37.1	48.23	58.83	38.19
application	43.27	76.08	70.59	55.6
applications	34.93	65.93	47.06	45.88
applied	52	63.1	58.83	61.14
approach	64.41	85.01	52.95	75.18
approaches	26.2	55.5	58.83	37.01
approximate	30.21	55.13	64.71	32.6
approximation	73.26	78.98	64.71	74.09
approximations	31.31	63	52.95	43.57
aqueous	41.98	42.09	47.06	44.94
ar	0	70.42	47.06	0
arbitrary	45.83	69.86	41.18	53.83
argon	44.8	69.06	70.59	55.03
array	47.68	65.16	70.59	52.13
arrays	65.08	74.92	76.48	64.3
arsenic	31.31	56.83	41.18	39.26
arsenide	54.73	59.65	41.18	53.98
artificial	36.42	66.23	70.59	37.01
aspects	31.31	58.93	47.06	42.82
assembled	73.77	76.31	76.48	72.45
assembly	52.4	48.64	88.24	51.38
assisted	55.52	72.03	52.95	57.85
associated	47.96	63.57	52.95	52.49
astrophysical	42.85	58.18	64.71	44.61
asymmetric	53.88	70.36	64.71	61.14
asymmetries	50.72	67.98	41.18	51.95
asymmetry	48.78	66.32	52.95	53.83
asymptotic	47.09	63.64	52.95	47.83
asymptotically	46.16	55.64	58.83	45.26
atmospheric	52.4	74.28	47.06	57.02
atom	68.19	81.9	58.83	70.22
atomic	72.32	82.4	70.59	72.55
atomistic	43.27	55.72	76.48	45.58
atoms	65.84	82.83	58.83	74
attachment	50.49	60.94	58.83	51.76
attenuation	47.39	59.93	76.48	47.3
attosecond	44.8	62.41	82.36	46.47
attraction	31.31	48.58	52.95	32.6
attractive	49.29	68.87	64.71	53.01
attractor	36.42	48.81	58.83	39.26
attractors	45.5	60.04	52.95	45.58
au	0	79.06	47.06	8.56
auger	0	70.78	41.18	0
augmented	54.06	67.49	58.83	56.77
autocorrelation	52	48.98	58.83	50.99
autoionization	31.31	60.73	23.53	40.25
autoionizing	41.53	55.61	41.18	42.02
automata	56.41	56.66	70.59	55.32
avalanches	27.68	57.5	64.71	33.46
average	29.01	48.87	58.83	38.74
averaged	30.21	49.31	23.53	32.6
avoiding	60.22	54.62	52.95	59.45
axial	62.35	64.42	64.71	63.6
axion	37.1	54.55	52.95	40.72
axis	45.15	68.43	58.83	45.26
axisymmetric	33.25	53.12	5.89	34.25
azimuthal	27.68	61.4	35.3	35.71
ba	13.84	83.88	47.06	19.88
background	69.37	70.96	64.71	68.12
backgrounds	33.25	52.44	76.48	39.26
backscattering	34.93	58.26	17.65	38.19
backward	44.8	64.68	52.95	47.83
bag	62.53	68.97	64.71	61.99
balance	34.12	48.87	52.95	35.71
ballistic	51.59	73.76	70.59	57.26
band	83.3	86.98	58.83	84.17
bands	57.77	72.58	52.95	59.35
bandwidth	37.74	47.34	47.06	37.01
bang	56.7	61.05	64.71	55.87
bare	40.56	58.05	29.42	47.3
barium	35.7	55.41	17.65	36.38
barrier	67.49	73.04	41.18	67.13
barriers	41.53	60.57	41.18	47.83
baryogenesis	40.56	57.72	58.83	42.02
baryon	45.83	72.93	70.59	58.73
baryons	50.26	68.38	47.06	56.77
based	55.52	78.77	58.83	67.77
basic	17.46	45.45	58.83	22.13
basis	52.79	64.47	52.95	52.31
bath	44.43	65.01	70.59	48.33
batio	0	57.81	58.83	0
bcc	45.15	62.38	41.18	53.83
bcs	0	69.71	64.71	0
beam	69.37	72.05	41.18	73.1
beams	54.23	68.01	58.83	59.25
beats	49.29	62.02	41.18	52.31
bec	0	67.88	88.24	0
bedt	0	68.3	70.59	0
behavior	73.37	83.52	76.48	74.86
bell	0	73.46	58.83	0
below	47.68	64.25	58.83	55.03
bending	40.56	46.59	70.59	40.25
bent	52.4	55.97	82.36	51.76
berry	0	65.83	58.83	0
beryllium	26.2	52.9	70.59	31.69
beta	68.57	71.96	47.06	68.22
bethe	0	64.72	58.83	0
bev	0	60.94	47.06	0
beyond	45.15	68.31	70.59	58.3
bi	29.01	85.05	35.3	29.62
bianchi	0	53.22	52.95	0
bias	58.27	68.76	76.48	58.07
biased	51.38	61.63	58.83	51.19
biaxial	37.1	58.59	52.95	42.82
bifurcation	37.1	55.97	76.48	42.43
bifurcations	26.2	51.25	76.48	33.46
bilayer	52.2	74.04	82.36	53.51
bilayers	42.85	65.31	76.48	53.83
billiard	29.01	58.71	64.71	38.19
billiards	40.04	63.46	64.71	47.03
binaries	54.89	72.45	76.48	55.73
binary	61.04	73.93	52.95	67.51
binding	75.99	73.88	52.95	74.57
biological	32.32	48.64	76.48	39.77
bipartite	33.25	61.57	94.12	42.02
birefringence	32.32	50.42	47.06	36.38
bis	49.78	57.76	52.95	49.28
bismuth	36.42	58.73	64.71	46.47
bistability	60.22	64.75	70.59	60.23
bistable	49.54	61.86	64.71	50.38
black	88.53	88.54	52.95	87.31
blende	68.13	60.97	29.42	66.81
bloch	0	63.34	47.06	0
block	42.43	48.23	52.95	41.6
blockade	41.98	73.23	58.83	54.29
blue	47.39	57.72	58.83	48.58
bodies	32.32	48.17	17.65	32.6
body	64.49	76.04	70.59	68.51
bogoliubov	0	61.14	35.3	0
bohm	8.73	71.8	70.59	8.56
boltzmann	0	72.49	58.83	0
bombardment	55.52	55.99	58.83	56.26
bond	62.88	72.78	47.06	62.93
bonded	53.88	57.85	41.18	53.18
bonding	46.79	66.32	58.83	54.29
bonds	33.25	54.14	64.71	41.17
bootstrap	27.68	53.91	88.24	30.7
born	0	60.87	52.95	0
boron	63.3	62.54	35.3	62.78
bose	0	96.3	64.71	0
boson	70.26	79.61	52.95	78.42
bosonic	43.27	65.07	58.83	43.93
bosons	55.68	72.38	35.3	57.02
bottom	44.05	59.59	58.83	45.26
bound	56.84	74.5	47.06	62.93
boundaries	63.79	62.66	70.59	63.38
boundary	73.92	67.87	70.59	72.89
bounded	27.68	46.15	23.53	28.45
bounds	46.16	62.49	47.06	47.83
box	36.42	61.43	58.83	37.61
bragg	0	56.28	47.06	0
branching	58.52	71.19	23.53	58.07
brane	60.84	68.67	82.36	60.04
branes	34.93	61.54	82.36	45.58
breakdown	37.1	63.38	23.53	44.61
breaking	85.43	77.54	35.3	84.53
breakup	43.67	63.4	47.06	48.33
breathing	45.83	55.99	35.3	44.94
bremsstrahlung	47.39	63.93	47.06	52.49
bright	30.21	57.7	88.24	37.61
brillouin	0	68.56	64.71	0
broad	30.21	43.18	17.65	33.46
broadband	33.25	53.08	41.18	35
broadened	27.68	57.92	47.06	37.01
broadening	52.4	62.46	47.06	57.14
broken	54.89	64.8	64.71	63.6
brownian	0	62.74	35.3	0
bubble	42.85	61.92	35.3	44.61
bubbles	32.32	54.21	41.18	34.25
bulk	52	72.11	47.06	64.3
bundles	50.02	62.95	88.24	50.99
burning	58.4	49.52	64.71	57.5
bursts	46.79	56.66	64.71	46.75
ca	8.73	81.95	52.95	28.45
cabibbo	0	59.35	47.06	0
cacu	0	81.5	52.95	0
cadmium	29.01	46.94	76.48	30.7
caf	0	55.67	76.48	0
calcium	41.05	56.66	76.48	40.25
calculated	41.05	61.2	35.3	44.94
calculating	52.79	58.53	58.83	52.49
calculation	65.29	78.33	52.95	66.18
calculations	77.47	82.62	47.06	78.47
calorimetric	29.01	53.08	58.83	29.62
canonical	44.05	61.33	47.06	43.93
capacitance	20.28	59.37	47.06	41.17
capacity	65.64	63.22	52.95	64.43
capillary	38.36	56.36	58.83	40.25
capture	78.48	78.38	52.95	78.14
carbide	52.2	53.22	23.53	51.76
carbon	88.38	90.27	76.48	87.07
carlo	8.73	81.89	100	8.56
carrier	50.72	73.05	58.83	61.57
carriers	54.23	62.64	29.42	53.98
carrying	45.83	59.09	41.18	47.03
cascade	44.8	58.81	47.06	46.47
cascades	41.53	49.36	41.18	41.17
casimir	0	74.22	76.48	0
cation	34.12	48.41	58.83	33.46
causality	29.01	47.86	35.3	28.45
caused	24.52	48.1	41.18	34.25
cavities	44.05	68.12	70.59	45.88
cavity	55.05	82.66	76.48	63.01
cd	0	67.76	47.06	0
cds	0	55.94	58.83	0
cdse	0	68.22	35.3	0
cdte	0	64.99	64.71	0
ce	0	73.31	47.06	0
cell	37.74	54.92	58.83	46.18
cells	37.74	50.08	64.71	40.72
cellular	56.41	58.83	82.36	55.32
center	52.6	63.96	64.71	51.76
centered	53.35	54.74	47.06	53.18
centers	39.51	61.37	58.83	50.38
central	51.16	69	29.42	55.6
cerium	32.32	60.68	58.83	38.74
cern	0	70.18	70.59	0
cesium	45.83	62.38	47.06	47.3
cf	0	62.3	52.95	0
cft	0	54.3	88.24	0
ch	8.73	57.05	47.06	8.56
chain	70.26	81.48	41.18	74.57
chains	70.54	79.97	58.83	72.96
change	41.05	60.18	41.18	51.57
changes	51.59	59.3	29.42	61.66
changing	58.4	62.07	35.3	57.96
channel	57.9	71.03	41.18	58.41
channeling	42.85	54.62	35.3	44.61
channels	54.06	75.1	35.3	56.52
chaos	56.7	76.2	41.18	62.31
chaotic	67.73	77.29	64.71	70.55
character	24.52	49.93	17.65	33.46
characteristic	29.01	47.34	58.83	30.7
characteristics	54.06	60.25	58.83	53.98
characterization	33.25	63.79	64.71	42.82
charge	84.98	86.66	52.95	84.9
charged	69.57	77.49	52.95	70.14
charges	46.48	54.8	35.3	46.75
charging	37.74	65.43	52.95	41.6
charm	41.53	64.11	58.83	49.73
charmed	51.38	65.81	94.12	58.07
charmless	45.83	70.96	82.36	53.34
charmonium	39.51	60.78	47.06	43.93
chemical	63.05	66.2	47.06	62.47
chemically	20.28	44.06	29.42	31.69
chemisorbed	29.01	56.26	64.71	37.01
chemisorption	34.93	65.75	52.95	43.57
chern	0	66.19	76.48	0
chiral	69.57	78.69	11.77	71.8
chirality	26.2	56.02	76.48	31.69
chloride	41.05	44.95	41.18	40.25
cholesteric	53.16	61.03	23.53	53.98
chromium	34.93	62.85	70.59	40.25
chromodynamics	67.67	68.33	41.18	66.41
circuit	31.31	59.14	70.59	42.82
circular	69.11	74.97	47.06	69.08
circularly	59.34	55.94	35.3	58.84
cl	0	65.09	64.71	8.56
class	47.68	61.02	35.3	53.34
classical	57.64	83.57	58.83	73.33
classification	17.46	54.37	47.06	24.04
clean	42.43	65.71	64.71	54.59
clock	42.43	53.37	41.18	42.82
cloning	46.79	71.46	94.12	50.99
close	55.37	62.88	41.18	55.32
closed	53.53	61.79	29.42	54.44
cloud	35.7	51.59	41.18	41.17
cluster	62.35	74.43	64.71	69.92
clustering	24.52	56.38	47.06	34.25
clusters	64.18	76.57	58.83	66.3
cm	22.57	47.79	29.42	24.04
cmb	0	65.84	100	0
cn	0	61.17	29.42	0
co	8.73	84.24	52.95	13.57
coalescence	24.52	53.44	82.36	27.14
coarsening	30.21	58.55	76.48	38.19
cobalt	40.56	66.63	58.83	47.3
coefficient	52.4	54.89	58.83	52.67
coefficients	55.83	58.57	58.83	55.32
coexistence	44.8	62.19	47.06	47.03
coherence	52.79	77.68	52.95	62.31
coherent	57.24	84.92	47.06	64.09
coherently	40.56	56.02	41.18	40.25
cohesive	38.94	56.38	35.3	42.02
coincidence	40.56	56.44	47.06	47.03
cold	59.56	71.92	70.59	63.74
collapse	58.02	67.66	58.83	58.3
collective	60.32	74.94	52.95	62.47
collider	51.38	68.6	76.48	50.59
colliders	67.31	71.62	70.59	67.19
colliding	40.04	57.81	70.59	41.6
collinear	42.43	54.71	35.3	43.2
collision	49.54	68.15	70.59	52.31
collisional	38.94	61.88	52.95	42.02
collisionless	31.31	49.52	35.3	35
collisions	85.43	88.45	52.95	86.86
colloid	43.27	51.76	58.83	43.57
colloidal	56.41	63.71	70.59	56.52
colloids	41.98	60.23	41.18	41.6
color	49.29	71.65	35.3	53.98
colored	60.32	64.83	64.71	61.23
colossal	55.83	65.94	88.24	54.89
columnar	57.64	66.2	82.36	56.52
combination	46.79	51.76	47.06	46.47
combined	24.52	55.99	29.42	47.3
commensurate	50.49	62.53	64.71	54.74
comment	8.73	72.25	41.18	19.88
comments	8.73	47.28	47.06	8.56
common	20.28	49.36	47.06	22.13
communication	45.5	69.15	88.24	52.67
compact	54.89	70.8	82.36	55.73
comparative	53.16	56.51	64.71	55.46
comparison	44.05	69.28	64.71	52.49
compensated	29.01	43.28	23.53	34.25
compensation	24.52	45.2	52.95	31.69
competing	55.68	63.69	58.83	58.41
competition	27.68	58.51	58.83	31.69
complete	40.56	60.21	41.18	43.57
complex	65.57	72.07	52.95	65.15
complexes	46.16	65.64	35.3	52.84
complexity	26.2	52.9	70.59	35.71
component	52.79	71.78	35.3	55.18
components	26.2	49.73	35.3	37.61
composite	54.06	74.73	58.83	53.83
composites	35.7	55.36	47.06	42.43
composition	30.21	56.33	52.95	40.72
compound	50.49	70.34	58.83	61.4
compounds	65.36	74.14	64.71	64.23
compressed	38.36	51.38	47.06	37.61
compressibility	24.52	51.51	35.3	30.7
compressible	26.2	53.81	23.53	33.46
compression	33.25	51.8	41.18	37.61
compton	8.73	72.91	47.06	8.56
computation	65.71	80.06	76.48	67.13
computational	36.42	50.08	64.71	36.38
computer	58.02	69.34	35.3	57.14
computing	53.53	69.93	76.48	55.46
concentrated	30.21	45.2	64.71	35
concentration	45.83	59.24	52.95	49.73
condensate	46.48	88.27	76.48	52.31
condensates	49.54	90.86	70.59	53.34
condensation	36.42	81.54	58.83	47.3
condensed	56.41	75.3	35.3	56.26
condition	50.94	55.01	47.06	50.17
conditional	24.52	63.29	76.48	27.14
conditions	73.92	67.49	47.06	72.89
conductance	59.34	83.04	70.59	63.31
conducting	50.26	56.69	52.95	49.73
conduction	61.62	69.97	76.48	62.07
conductivity	71.61	75.31	52.95	70.92
conductor	56.12	61.55	41.18	57.26
conductors	52.6	69.12	35.3	57.5
cone	69.82	68.05	58.83	68.85
configuration	61.23	59.41	58.83	60.97
configurations	44.43	54.4	58.83	47.03
confined	46.79	72.83	70.59	62.86
confinement	50.72	73.08	47.06	64.43
confining	38.94	54.04	47.06	38.74
conformal	51.16	60.7	58.83	53.83
conjecture	30.21	50.94	41.18	30.7
conjugated	63.3	64.35	58.83	62.39
connected	41.05	54.92	47.06	40.25
connection	26.2	53.22	29.42	34.25
consequences	22.57	56.56	52.95	30.7
conservation	47.68	60.62	70.59	47.03
conserved	35.7	55.91	64.71	45.26
conserving	33.25	56.1	58.83	35.71
considerations	13.84	49.25	52.95	27.14
consistency	41.05	50.42	64.71	40.25
consistent	76.43	77.27	52.95	75.32
constant	66.24	66.75	52.95	65.71
constants	65.22	64.98	52.95	64.89
constituent	56.84	60.38	23.53	57.14
constrained	32.32	56.38	41.18	41.17
constraining	8.73	53.54	76.48	8.56
constraint	20.28	51.21	41.18	28.45
constraints	40.56	69.2	58.83	51.19
construction	22.57	56.2	52.95	35.71
contact	51.59	66.04	47.06	54.74
contacts	50.02	70.3	41.18	53.83
containing	38.36	55.53	58.83	43.93
content	44.8	53.12	41.18	44.27
continuous	58.15	78.51	70.59	57.02
continuum	44.05	64.94	58.83	56.39
contrast	22.57	43.48	82.36	35
contribution	33.25	63.01	52.95	50.79
contributions	39.51	63.66	29.42	53.34
control	54.4	81.19	82.36	66.18
controlled	48.24	71.68	70.59	52.84
controlling	24.52	62.92	82.36	28.45
convection	63.13	67.89	76.48	62.23
convective	32.32	58.75	29.42	33.46
conventional	24.52	51.34	41.18	33.46
convergence	22.57	51.72	58.83	29.62
conversion	59.11	66.66	35.3	58.3
coo	0	73.19	64.71	0
cooled	50.02	52.09	41.18	49.28
cooling	54.57	69.45	58.83	56.65
cooper	0	57.63	41.18	0
cooperative	24.52	54.95	47.06	29.62
coordinate	44.43	47.47	58.83	45.58
coordinates	37.1	47.14	11.77	37.61
copolymer	42.43	47.92	64.71	41.6
copper	56.7	74.62	52.95	55.87
core	74.27	73.84	47.06	73.36
corrected	46.16	59.54	41.18	48.33
correction	51.38	68.93	41.18	50.99
corrections	63.22	74.04	52.95	63.16
correlated	71.57	77.93	64.71	70.39
correlation	75.68	81.48	58.83	75.23
correlations	59.68	81.19	47.06	66.24
correspondence	45.15	59.83	52.95	46.75
cosmic	66.24	75.81	35.3	66.53
cosmological	66.24	74.82	41.18	65.71
cosmologies	34.12	61.39	23.53	39.77
cosmology	63.95	71.27	64.71	63.67
couette	0	57.83	47.06	0
coulomb	0	80.97	52.95	8.56
counting	50.94	63.79	35.3	50.38
coupled	72.4	88.12	58.83	79.68
coupling	72.56	84.1	70.59	76.18
couplings	46.79	65.82	17.65	50.38
covalent	34.12	58.13	47.06	38.19
covariant	36.42	63.89	52.95	44.27
coverage	37.1	58.59	88.24	42.43
covered	46.16	60.57	41.18	49.28
cp	0	79.94	35.3	0
cpt	0	70.08	41.18	0
cr	0	73.86	64.71	0
crack	34.93	56.59	64.71	36.38
creation	49.29	63.45	35.3	49.05
creep	51.8	65.54	58.83	52.49
criteria	13.84	51.68	41.18	22.13
criterion	29.01	64.22	23.53	32.6
critical	73.37	87.71	47.06	74.86
criticality	60.94	69.97	82.36	59.85
cross	97.26	84.31	76.48	95.59
crossed	47.68	58.2	58.83	53.98
crossing	50.49	56.28	58.83	50.38
crossings	45.5	53.08	64.71	45.58
crossover	47.96	70.73	52.95	55.32
cryptography	51.59	74.06	88.24	51.38
crystal	84.89	82.13	47.06	83.98
crystalline	62.44	68.58	58.83	62.23
crystallization	34.93	53.81	52.95	41.17
crystals	88.6	80.77	58.83	87.17
cs	0	60.28	64.71	0
cu	13.84	94.09	58.83	28.45
cubic	53.35	64.86	64.71	56.77
cucl	0	54.92	47.06	0
cugeo	0	71.57	76.48	0
cummings	0	61.45	94.12	0
cuo	0	86.58	58.83	0
cuprate	70.26	73.91	76.48	69.08
cuprates	49.78	74.45	76.48	50.59
curie	0	61.69	58.83	0
current	65.08	80.94	58.83	67.97
currents	57.24	71.19	52.95	57.96
curvature	30.21	57.47	58.83	39.26
curve	34.93	52.09	58.83	34.25
curved	58.27	60.01	29.42	58.73
curves	47.39	50.89	58.83	46.47
cutoff	17.46	52.13	5.89	29.62
cycle	49.04	63.87	76.48	58.62
cyclic	22.57	53.15	76.48	36.38
cyclotron	66.76	68.02	58.83	65.95
cylinder	27.68	44.06	35.3	32.6
cylinders	27.68	47.6	41.18	34.25
cylindrical	41.53	58.49	35.3	43.57
damage	44.43	46.87	41.18	43.93
damped	40.04	56.1	23.53	46.75
damping	32.32	61.45	70.59	41.6
dark	82.81	82.96	70.59	82.2
data	58.02	69.81	47.06	64.16
dc	46.16	58.41	29.42	53.67
de	67.9	70.24	58.83	66.81
debye	0	48.29	41.18	0
decay	68.57	82.93	52.95	69.92
decaying	31.31	52.01	41.18	40.25
decays	65.08	82.93	35.3	69.4
decoherence	46.79	84.3	82.36	62.55
decomposition	57.11	66.62	29.42	56
deconfinement	39.51	53.61	58.83	42.82
decoupling	35.7	61.2	35.3	36.38
deep	72.44	71.97	52.95	71.07
deeply	44.8	56.51	23.53	47.3
defect	55.83	68.96	58.83	57.62
defects	57.64	73.38	52.95	62.7
deficient	57.51	63.05	47.06	56.77
deformation	46.48	59.2	29.42	45.88
deformations	22.57	47.86	35.3	35.71
deformed	64.41	67.21	29.42	66.36
degeneracy	42.85	58.07	47.06	42.02
degenerate	51.8	67.47	52.95	53.51
degree	47.96	57.98	58.83	47.03
degrees	67.31	52.37	41.18	66.12
delay	56.12	63.23	70.59	60.51
delayed	53.88	59.79	35.3	53.98
delocalization	44.43	60.73	70.59	44.61
demonstration	24.52	64.94	64.71	33.46
dendritic	48.24	61.03	76.48	49.73
dense	56.84	65.3	52.95	61.82
densities	48.51	67.6	64.71	57.26
density	89.99	88.34	64.71	89.44
dependence	75.14	79.7	64.71	77.76
dependent	85.31	80.42	52.95	84.41
dephasing	40.56	74.71	64.71	56.52
depinning	33.25	60.81	47.06	36.38
depletion	22.57	47.34	41.18	27.14
depolarization	26.2	49.42	41.18	38.19
deposited	43.67	56.54	41.18	57.02
deposition	54.89	65.27	76.48	54.59
depth	65	68.08	47.06	63.74
der	74.78	62.3	64.71	73.42
derivation	34.93	59.18	47.06	39.26
derivative	38.36	54.37	41.18	42.02
derived	26.2	49.36	58.83	38.19
description	56.27	70.73	41.18	62.47
design	13.84	48.58	76.48	29.62
desorption	58.88	62.12	47.06	59.75
destruction	27.68	54.55	58.83	29.62
detachment	43.67	57.59	41.18	45.88
detailed	32.32	48.29	52.95	31.69
detected	57.11	58.99	52.95	60.97
detecting	22.57	56.07	64.71	28.45
detection	42.43	72.43	52.95	52.49
detector	37.1	61.39	41.18	46.18
detectors	53.71	63.01	58.83	56.52
determination	50.94	73.34	52.95	61.14
determined	44.8	60.89	47.06	54.59
determining	33.25	49.98	11.77	32.6
deterministic	32.32	59.7	58.83	35.71
deuterium	55.83	66.83	52.95	56.77
deuteron	57.9	75.91	64.71	65.58
deuterons	30.21	52.71	70.59	35
development	17.46	50.98	29.42	25.69
deviations	22.57	47.41	58.83	24.04
device	44.8	59.88	47.06	49.51
devices	38.94	66.07	64.71	50.59
di	36.42	47.14	23.53	37.61
diagonal	47.09	56.86	47.06	49.05
diagonalization	47.96	58.73	35.3	47.83
diagram	81.9	77.87	64.71	80.98
diagrams	62.62	64.3	52.95	62.55
diamagnetic	27.68	56.33	29.42	28.45
diamond	49.78	67.12	35.3	52.13
diatomic	64.41	61.49	58.83	64.36
dichroism	69.11	77.23	47.06	70.01
dicke	0	60.68	35.3	0
dielectric	61.33	72.13	58.83	62.63
dielectrics	26.2	55.86	47.06	39.26
dielectronic	57.51	69.84	58.83	56.65
difference	54.57	56.26	64.71	55.32
differences	46.48	54.04	52.95	47.3
differential	71	71.53	70.59	72.02
diffraction	78.33	75.61	70.59	79.85
diffractive	35.7	58.16	41.18	43.93
diffuse	54.06	59.3	35.3	58.19
diffusion	68.57	75.54	52.95	70.1
diffusive	45.5	60.5	70.59	46.18
dilaton	56.56	69.52	64.71	57.5
dilepton	46.16	61.43	47.06	47.57
dilute	60.11	71.35	70.59	64.89
diluted	68.9	71.25	41.18	69.92
dimension	49.78	74	41.18	57.96
dimensional	90.51	97.5	64.71	94.18
dimensionality	24.52	57.22	58.83	29.62
dimensions	68.74	84.16	41.18	70.88
dimer	50.26	66.68	64.71	55.03
dimers	34.93	64.21	29.42	41.17
dinger	76.4	66.36	94.12	75.37
diode	38.94	50.85	41.18	44.94
diodes	44.05	54.49	35.3	44.61
dioxide	47.09	51.25	52.95	49.05
dipolar	45.15	68.14	29.42	50.99
dipole	70.73	71.99	64.71	71.27
dipoles	27.68	47.67	41.18	31.69
dirac	0	66.77	35.3	0
direct	45.5	74.14	58.83	52.67
directed	48.24	59.32	58.83	49.73
direction	30.21	51.59	5.89	35.71
directional	55.05	60.23	11.77	54.14
dirty	36.42	55.91	29.42	42.43
discharge	39.51	54.68	17.65	47.03
discharges	33.25	47.21	23.53	44.27
discrete	50.72	67.89	64.71	54.59
discrimination	27.68	60.76	82.36	42.82
disk	44.43	51.12	41.18	45.88
disks	41.98	57.15	64.71	43.93
dislocation	31.31	57.45	35.3	40.25
dislocations	37.74	55.04	41.18	37.01
disorder	57.9	75.63	58.83	67.19
disordered	70.35	79.09	35.3	73.71
dispersion	57.77	70.54	52.95	57.73
dispersions	35.7	54.27	47.06	39.77
dispersive	45.5	60.53	29.42	48.33
displacement	37.74	48.81	47.06	37.01
displacements	33.25	45.99	58.83	36.38
dissipation	51.59	71.75	58.83	53.18
dissipative	54.89	72.61	58.83	59.95
dissociation	40.04	63.52	41.18	45.88
dissociative	47.68	64.17	23.53	47.3
distance	41.98	59.85	23.53	41.17
distorted	64.03	59.33	41.18	63.53
distortion	44.8	57.26	35.3	45.88
distortions	44.8	56.23	52.95	45.26
distributed	41.05	55.56	52.95	40.25
distribution	66.05	80.44	64.71	67.77
distributions	69.92	72.44	52.95	69.4
divergence	20.28	50.13	47.06	25.69
dna	0	59.28	70.59	0
domain	72.03	72.6	64.71	71.27
domains	36.42	58.28	47.06	41.6
dominance	45.15	54.98	76.48	46.75
dominated	33.25	46.29	35.3	38.19
donor	49.54	65.58	52.95	51.19
donors	45.83	61.13	23.53	49.51
dopant	30.21	50.18	52.95	33.46
doped	65.29	80.78	52.95	72.34
doping	50.02	72.86	58.83	52.13
doppler	0	55.64	41.18	0
dot	88.17	91.36	82.36	87.84
dots	94.85	96.25	82.36	93.9
double	75.27	86.19	47.06	78.34
doublet	60.22	66.16	47.06	60.7
doubling	51.59	48.58	23.53	50.59
doubly	62.35	64.16	41.18	61.91
drag	41.05	65.74	29.42	43.93
drell	0	57.65	35.3	0
dressed	33.25	58.75	23.53	37.01
drift	47.96	54.3	29.42	51.38
drive	36.42	47.28	52.95	38.19
driven	55.05	77.69	58.83	65.58
driving	42.85	54.92	35.3	42.02
drop	43.27	45.12	23.53	44.27
droplet	33.25	54.59	23.53	35
droplets	38.94	56.44	35.3	42.02
drops	33.25	54.11	52.95	33.46
dual	58.02	64.36	52.95	57.5
duality	41.98	61.85	47.06	42.82
due	49.29	74.32	47.06	62.7
dust	33.25	59.74	47.06	44.94
dusty	51.59	61.6	64.71	51.95
dy	0	62.5	41.18	0
dye	46.79	56.15	52.95	47.83
dynamic	51.16	75.6	58.83	55.46
dynamical	65.78	80.37	41.18	67.56
dynamically	31.31	47.21	41.18	31.69
dynamics	87.45	90.27	64.71	87.49
dyson	0	49.52	17.65	0
earth	82.4	69.57	76.48	81.39
easy	54.06	61.92	41.18	54.44
echo	53.16	59.61	41.18	55.6
echoes	42.85	54.43	58.83	42.02
edge	66.5	80.83	47.06	72.93
edges	42.43	64.49	47.06	52.49
effect	79.09	95.14	35.3	85.47
effective	67.61	79.79	58.83	73.46
effects	73.48	91.2	58.83	80.78
efficiency	37.1	59.09	52.95	45.26
efficient	26.2	68.98	64.71	35
eigenstates	24.52	56.66	35.3	32.6
eigenvalue	26.2	57.17	35.3	31.69
eigenvalues	34.12	50.28	47.06	36.38
eikonal	47.68	63.4	58.83	48.33
einstein	0	96.3	64.71	8.56
el	45.5	64.69	35.3	45.58
elastic	86.17	90.3	76.48	88.6
elasticity	31.31	56.2	52.95	38.74
electric	85.44	80.01	52.95	84.91
electrical	62.17	67.99	58.83	61.14
electro	46.79	51.55	23.53	46.18
electrochemical	34.12	48.17	58.83	34.25
electrodynamics	68.41	69.49	52.95	68.32
electrolyte	38.36	41.98	35.3	39.26
electromagnetic	64.56	70.58	88.24	66.64
electromagnetically	65.5	68.98	88.24	64.43
electron	90.51	97.61	47.06	92.11
electronic	92.39	93.04	52.95	92.25
electrons	62.26	87.54	64.71	71.8
electroproduction	46.16	63.28	52.95	47.57
electrostatic	40.56	55.33	41.18	40.72
electroweak	46.48	69.57	58.83	51.19
element	52	52.6	41.18	51.57
elementary	41.53	63.23	58.83	41.6
elements	73.18	62.16	64.71	72.13
elliptic	44.05	64.92	70.59	45.26
embedded	54.06	66.51	70.59	53.98
emergence	8.73	54.59	82.36	19.88
emission	71.57	79.31	58.83	77.03
emitted	40.56	54.17	47.06	46.18
emitting	54.23	54.8	58.83	53.98
empirical	33.25	57.72	23.53	36.38
energetic	38.36	54.04	70.59	42.02
energetics	33.25	61.4	58.83	40.72
energies	68.9	78.72	82.36	70.35
energy	89.91	91.78	58.83	90.6
engineering	24.52	62.57	88.24	34.25
enhanced	51.8	69.75	41.18	57.26
enhancement	45.5	69.86	47.06	52.84
ensemble	44.05	66.39	58.83	47.83
ensembles	43.67	64.74	94.12	44.27
entangled	51.8	79.46	82.36	57.14
entanglement	51.16	91.17	88.24	69.57
entropic	20.28	49.57	82.36	19.88
entropy	52.79	74.4	64.71	58.52
envelope	45.83	58.32	29.42	44.94
environment	39.51	68.89	70.59	47.57
environments	29.01	52.97	82.36	30.7
epitaxial	68.41	75	64.71	74.8
epitaxy	67.9	67.22	70.59	66.81
epr	0	57.94	47.06	0
equal	30.21	51.51	70.59	30.7
equation	76.4	75.74	64.71	75.37
equations	56.27	73.8	58.83	65.71
equilibration	22.57	51.03	52.95	35
equilibria	37.1	44.33	41.18	37.01
equilibrium	49.04	68.54	52.95	54.59
equivalence	51.8	56.91	70.59	53.01
equivalent	31.31	45.99	58.83	36.38
er	0	60.99	47.06	0
erratum	0	65.25	5.89	0
error	51.59	73.55	70.59	57.62
escape	39.51	58.3	52.95	39.77
esr	0	59.22	29.42	0
estimate	22.57	43.48	47.06	28.45
estimates	17.46	45.61	35.3	31.69
estimation	41.98	64.37	70.59	44.61
et	83.12	60.71	58.83	81.58
eu	0	63.98	41.18	0
euclidean	0	49.04	41.18	0
europium	20.28	48.41	58.83	25.69
ev	8.73	69.66	52.95	8.56
evaluation	27.68	56.93	58.83	40.25
evanescent	40.04	51.59	47.06	41.17
evaporation	43.67	60.14	41.18	44.94
event	34.93	55.16	47.06	37.01
events	37.1	63.64	35.3	48.58
evidence	36.42	79.7	64.71	50.59
evolution	59.45	74.57	58.83	62.39
evolving	33.25	50.94	70.59	35
exact	53.16	79.57	47.06	54.89
exactly	58.99	60.97	47.06	57.85
example	24.52	49.78	52.95	35.71
excess	41.05	56.91	41.18	40.72
exchange	74.17	83.92	58.83	73.65
excitable	54.89	58.79	76.48	53.98
excitation	71.31	84.62	64.71	77.48
excitations	60.32	81.26	35.3	70.35
excited	63.05	76.93	70.59	66.12
exciton	51.38	85.23	41.18	73.65
excitonic	35.7	74.44	47.06	58.94
excitons	62.44	84.24	58.83	74.12
exclusion	46.79	53.81	47.06	48.58
exclusive	43.27	67.06	41.18	51.76
existence	29.01	61.43	41.18	28.45
exotic	42.85	58.49	29.42	47.03
expanding	42.85	54.24	52.95	42.82
expansion	61.23	72.02	52.95	61.14
expansions	43.67	59.81	41.18	46.47
experiment	53.16	69.1	47.06	58.73
experimental	55.37	80.24	70.59	59.65
experiments	54.89	68.46	52.95	57.85
explanation	17.46	56.96	41.18	27.14
explicit	36.42	52.48	11.77	37.01
explosion	24.52	60.91	35.3	43.93
exponent	46.16	60.63	35.3	49.28
exponential	40.04	54.27	29.42	43.2
exponents	60.63	73.07	11.77	61.32
expression	26.2	41.86	58.83	37.01
extended	65.57	75.89	52.95	69.62
extension	40.04	58.43	70.59	51.76
external	64.86	67.94	41.18	72.72
extra	68.74	70.04	76.48	67.66
extraction	24.52	53.3	47.06	29.62
extreme	45.5	62.09	52.95	45.26
extremely	32.32	50.18	41.18	31.69
factor	72.72	71.11	58.83	71.72
factorization	38.36	67.19	29.42	49.05
factors	79.04	74.91	76.48	77.64
faddeev	0	56.81	58.83	0
failure	17.46	48.87	35.3	27.14
family	34.12	54.71	47.06	40.25
fano	0	65.63	47.06	0
faraday	0	55.3	52.95	0
fast	52.2	72.95	58.83	60.14
fault	50.49	60.21	35.3	50.38
fcc	49.78	68.39	35.3	53.83
features	26.2	54.86	47.06	38.74
feedback	54.73	67.32	64.71	56.77
femtosecond	65.78	73.01	82.36	66.36
fermi	8.73	80.35	23.53	8.56
fermilab	0	68.04	64.71	0
fermion	75.33	76.15	47.06	74.3
fermionic	45.15	66.64	52.95	46.18
fermions	54.06	75.87	52.95	60.42
ferrimagnetic	29.01	57.45	47.06	40.72
ferroelectric	58.27	69.64	29.42	62.55
ferroelectricity	26.2	56.05	58.83	29.62
ferroelectrics	43.67	59.13	52.95	43.2
ferromagnet	58.88	75.82	52.95	66.64
ferromagnetic	56.56	84.09	52.95	70.88
ferromagnetism	41.98	75.7	52.95	46.75
ferromagnets	45.15	70.41	58.83	52.13
feshbach	0	68.3	58.83	0
feynman	0	56.46	47.06	0
fiber	50.94	59.63	76.48	51.76
fibers	57.9	59.35	47.06	58.52
fibonacci	0	58.43	70.59	0
fidelity	36.42	70.37	88.24	50.59
field	100	95.34	58.83	100
fields	91.14	86.16	58.83	90.46
filaments	27.68	49.04	23.53	30.7
filled	62.53	66.34	41.18	61.49
filling	55.37	71.6	76.48	54.59
film	74.88	72.32	58.83	75.43
films	94.18	85.72	64.71	94.79
filtering	38.36	55.83	76.48	42.82
final	52.2	66.19	52.95	52.49
fine	82.16	78.87	58.83	81.79
finite	84.04	81.36	64.71	83.12
fission	59.23	65.67	76.48	61.4
five	50.94	57.83	64.71	51.57
fixed	32.32	59.95	47.06	46.18
flat	40.04	55.44	41.18	42.02
flavor	58.64	76.25	70.59	61.49
flight	50.94	46.29	41.18	50.59
flip	61.71	66.1	35.3	62.63
flow	64.56	74.66	52.95	64.63
flows	46.79	61.96	76.48	50.59
fluctuating	33.25	55.97	52.95	38.74
fluctuation	50.49	67.31	41.18	53.01
fluctuations	64.41	82.74	64.71	70.8
fluid	57.51	70.67	41.18	58.62
fluids	48.51	67.78	52.95	54.29
fluorescence	62.62	66.83	64.71	62.39
fluoride	34.12	45.28	58.83	36.38
fluorine	24.52	48.81	41.18	34.25
flux	59.23	81.15	47.06	62.7
fock	0	68.59	58.83	0
focused	30.21	51.16	35.3	41.17
focusing	54.4	62.06	41.18	54.29
foil	44.8	56.83	35.3	47.57
foils	47.68	54.62	17.65	49.05
fokker	0	50.66	47.06	0
folding	43.67	57.17	52.95	50.17
following	37.74	56.61	52.95	48.08
forbidden	44.05	52.09	64.71	48.58
force	70.06	74.22	64.71	69.66
forced	40.56	48.92	70.59	39.77
forces	51.8	65.44	52.95	54.59
form	79.04	74.91	64.71	77.64
formalism	47.09	67.7	41.18	50.59
formation	64.49	74.09	64.71	63.67
formed	31.31	53.04	29.42	39.26
forming	62.44	64.3	64.71	62.39
forms	30.21	45.36	41.18	34.25
formula	34.12	61.1	58.83	42.02
formulas	38.94	48.17	41.18	41.6
formulation	41.98	66.14	52.95	56
forward	54.06	65.38	76.48	58.41
fourier	0	53.58	58.83	0
fourth	45.83	55.78	47.06	45.26
fr	0	52.75	58.83	0
fractal	49.04	65.72	64.71	50.38
fractals	26.2	53.95	52.95	34.25
fraction	51.38	57.4	64.71	50.38
fractional	74.54	87.21	52.95	74.57
fractions	53.71	62.79	35.3	53.01
fracture	29.01	56.59	64.71	34.25
fragment	46.79	65.62	23.53	53.18
fragmentation	50.26	66.54	47.06	50.38
fragments	46.16	61.22	29.42	49.73
frame	37.1	55.58	41.18	39.26
framework	26.2	51.55	52.95	43.2
free	79.11	78.48	41.18	80.56
freedom	67.31	56.76	47.06	66.12
freezing	40.04	61.85	76.48	49.28
frenkel	0	54.11	41.18	0
frequencies	40.04	53.51	41.18	42.02
frequency	69.21	72.84	70.59	68.8
friction	42.43	58.51	52.95	41.6
front	65	69.35	64.71	64.09
fronts	35.7	53.3	70.59	43.2
frustrated	53.53	78.39	58.83	64.76
frustration	40.56	64.63	64.71	45.88
fullerene	31.31	59.24	64.71	37.01
fullerenes	32.32	53.15	52.95	38.74
function	76.23	79.76	70.59	76.3
functional	89.99	86.5	58.83	89.44
functionals	55.52	68.12	58.83	58.94
functions	80.69	77.54	52.95	80.1
fundamental	34.93	60.78	41.18	38.19
fusion	59.89	72.63	41.18	63.81
future	44.05	56.44	52.95	51.76
ga	0	87.53	52.95	0
gaas	0	93.69	41.18	0
gadolinium	22.57	57.17	52.95	37.61
gain	40.56	63.33	52.95	53.01
galactic	33.25	62.65	11.77	43.57
gallium	54.73	62.46	52.95	53.98
gamma	60.73	61.79	58.83	60.33
gamow	0	59.33	58.83	0
gan	0	66.19	82.36	0
gap	78.6	76.99	58.83	78.87
gaps	61.99	65.79	35.3	61.99
garnet	53.35	54.49	70.59	55.87
gas	89.15	87.28	52.95	89.08
gasb	0	59.28	35.3	8.56
gaseous	27.68	48.64	47.06	31.69
gases	55.83	78.91	41.18	62.78
gate	44.8	74.07	82.36	56.9
gates	52.4	72.84	94.12	60.14
gauge	81.2	81.9	41.18	82.53
gauged	36.42	45.53	58.83	42.43
gauss	0	60.71	82.36	0
gaussian	0	70.82	64.71	0
gd	0	73.74	41.18	0
ge	0	85.78	35.3	0
gel	34.12	44.51	64.71	39.26
gels	31.31	49.52	52.95	36.38
generalization	22.57	53.37	58.83	34.25
generalized	53.35	73.05	64.71	64.02
generated	40.04	62.68	47.06	52.84
generating	27.68	57.26	58.83	28.45
generation	84.9	82.87	47.06	83.47
generic	17.46	55.56	76.48	31.69
geometric	52	71.05	64.71	52.49
geometrical	32.32	56.56	52.95	34.25
geometries	39.51	52.37	47.06	42.02
geometry	37.74	64.98	58.83	48.82
germanium	56.56	68.9	64.71	59.05
gev	0	84.13	35.3	0
ghost	32.32	51.51	35.3	37.61
giant	63.95	74.63	47.06	67.51
ginzburg	0	61.7	11.77	0
glass	81.4	85.24	41.18	81.41
glasses	72.48	80.84	58.83	73.1
glassy	40.04	66.09	52.95	45.88
glauber	0	58.09	52.95	0
global	40.04	62.58	52.95	43.57
globally	55.68	56.71	58.83	54.74
glueball	27.68	50.03	41.18	33.46
gluon	73.14	73.42	47.06	74.45
gold	47.39	66.52	41.18	50.38
goldstone	0	53.91	41.18	0
gordon	0	63.57	76.48	0
gpa	0	67.4	88.24	0
gradient	60.11	72.04	35.3	61.05
gradients	52.6	51.89	35.3	51.95
grain	65.5	63.74	64.71	64.7
grains	32.32	49.83	64.71	34.25
grand	61.52	63.67	64.71	60.33
granular	55.68	68.5	76.48	55.32
graphene	52.2	74.75	94.12	53.51
graphite	64.41	71.43	64.71	66.06
graphs	42.85	60.32	35.3	45.26
grating	36.42	52.97	11.77	40.25
gratings	31.31	54.95	41.18	39.26
gravitating	56.56	52.21	41.18	55.6
gravitation	47.39	54.77	52.95	50.59
gravitational	73.59	81	47.06	72.93
gravity	70.16	75.73	58.83	70.26
grazing	53.53	60.66	58.83	52.67
green	8.73	66.25	11.77	13.57
gross	8.73	62.7	47.06	8.56
ground	58.88	80.72	52.95	63.53
growing	36.42	59.35	47.06	39.77
grown	63.05	64.68	58.83	64.83
growth	64.78	78.1	58.83	67.4
guided	30.21	49.25	64.71	38.19
haas	0	61.48	88.24	0
hadron	67.31	76.8	35.3	68.89
hadronic	54.89	69.64	58.83	58.94
hadrons	37.74	67.97	70.59	45.88
haldane	0	67.53	52.95	0
half	62.53	70.07	52.95	61.49
halide	55.37	53.47	52.95	55.03
halides	65.36	61.16	64.71	64.76
hall	26.2	95.87	41.18	25.69
halo	51.16	58.65	47.06	51.57
hamiltonian	0	73.11	47.06	0
hamiltonians	0	61.49	47.06	0
handed	57.51	59.01	47.06	57.02
hard	69.37	68.55	52.95	69.03
harmonic	84.9	82.87	41.18	83.47
harmonics	32.32	63.15	23.53	40.72
hartree	0	68.59	58.83	0
hawking	0	63.9	58.83	0
hcp	42.43	53.98	47.06	48.58
hd	0	50.28	41.18	0
heat	78.77	74.05	76.48	77.29
heated	33.25	55.69	58.83	42.02
heating	36.42	58.87	52.95	48.33
heavily	62.26	58.95	52.95	62.93
heavy	91.78	86.52	52.95	90.32
heisenberg	0	88.24	58.83	0
helical	27.68	52.67	29.42	38.74
helicity	36.42	53.51	64.71	43.57
helium	64.18	79.38	70.59	66.01
heliumlike	50.72	61.77	29.42	50.99
hermitian	0	54.62	58.83	0
heterogeneous	42.43	53.47	82.36	44.27
heterojunctions	41.53	63.91	64.71	42.82
heterostructure	30.21	60.4	64.71	36.38
heterostructures	58.52	76.44	64.71	58.73
heusler	0	56.79	58.83	0
hexagonal	43.67	58.07	29.42	45.26
hf	8.73	48.17	35.3	13.57
hg	0	59.9	47.06	0
hgba	0	60.75	76.48	0
hidden	37.74	63.62	11.77	40.72
hierarchical	43.27	56.38	41.18	44.27
hierarchy	52.4	65.77	35.3	52.31
higgs	13.84	79.3	58.83	13.57
highly	67.96	70.44	52.95	66.75
ho	0	61.86	17.65	0
hole	88.52	88.54	41.18	87.31
holes	88.53	88.4	58.83	87.24
hollow	38.94	53.54	52.95	42.82
holographic	30.21	54.08	82.36	34.25
holography	41.53	52.13	64.71	44.27
holstein	0	64.53	58.83	0
homogeneous	44.43	60.01	29.42	53.34
honeycomb	49.78	54.98	64.71	49.28
hopping	58.4	65.81	41.18	58.19
horizon	35.7	64.94	58.83	51.19
horizons	34.93	62.06	58.83	41.6
host	26.2	43.68	29.42	34.25
hot	57.9	70.47	58.83	60.42
hubbard	13.84	87.71	47.06	13.57
hybrid	48.78	61.24	70.59	48.82
hybridization	30.21	55.88	52.95	35.71
hydride	34.12	48.64	47.06	34.25
hydrides	44.43	50.33	58.83	45.88
hydrodynamic	38.94	59.33	41.18	43.2
hydrodynamics	37.1	57.65	41.18	42.02
hydrogen	72.32	79.6	70.59	72.55
hydrogenated	69.87	71.07	52.95	71.07
hydrogenic	41.98	63.05	47.06	43.93
hydrogenlike	50.49	59.11	35.3	51.76
hydrostatic	66.5	63	23.53	65.52
hyperfine	65.91	72.85	82.36	67.19
hypernuclei	32.32	50.98	17.65	37.61
hyperon	41.53	59.32	64.71	49.73
hyperspherical	37.1	54.27	47.06	39.26
hypothesis	27.68	53.04	52.95	29.62
hysteresis	40.04	58.97	58.83	42.43
ice	42.85	57.45	64.71	45.26
icosahedral	51.38	69.23	64.71	52.13
ideal	47.96	57.47	23.53	49.73
identical	42.85	52.67	41.18	42.02
identification	29.01	55.56	52.95	32.6
ii	26.2	78.36	82.36	35.71
iii	26.2	68.54	70.59	30.7
image	53.16	66.94	47.06	52.67
images	44.05	58.05	64.71	47.03
imaginary	37.74	49.47	23.53	40.25
imaging	36.42	62.2	88.24	48.82
impact	81.38	84.74	58.83	82.21
impedance	47.96	52.48	41.18	49.05
implantation	50.02	47.47	29.42	50.79
implanted	56.41	56.2	52.95	56
implementation	32.32	67.04	76.48	47.57
implications	37.74	66.1	52.95	40.25
importance	17.46	53.26	64.71	17.12
improved	33.25	62.75	35.3	42.43
impulse	57.77	63.56	23.53	56.9
impurities	57.51	71.99	58.83	63.81
impurity	57.38	76.23	58.83	62.15
inas	0	79.43	52.95	8.56
incidence	53.53	55.39	41.18	52.67
incident	44.43	58.18	29.42	49.73
inclusion	13.84	48.58	58.83	29.62
inclusive	51.16	74.07	41.18	57.62
incoherent	39.51	59.65	35.3	49.95
incommensurate	59.23	69.62	70.59	63.38
incomplete	45.5	51.93	47.06	46.75
incompressible	27.68	69.48	52.95	35.71
independent	48.24	61.52	47.06	57.02
index	58.4	56.33	58.83	57.62
indirect	43.27	59.93	23.53	47.83
indium	31.31	55.5	58.83	40.25
individual	38.36	63.24	76.48	45.58
induced	79.93	88.14	52.95	83.16
inelastic	81.36	86.92	70.59	87.81
inequalities	29.01	64.59	35.3	38.74
inequality	31.31	61.33	29.42	39.26
inertia	42.43	46.44	47.06	41.6
inertial	31.31	44.78	35.3	37.61
infinite	64.26	72.17	58.83	63.31
inflation	48.78	71.4	76.48	49.95
inflationary	48.51	71.37	52.95	48.58
influence	30.21	73.69	41.18	45.88
information	58.99	77.66	52.95	65.15
infrared	62.53	71.54	64.71	64.43
inhomogeneities	22.57	49.93	47.06	29.62
inhomogeneity	17.46	48.7	47.06	29.62
inhomogeneous	46.16	68	58.83	51.38
initial	56.27	66.33	52.95	56.13
initio	82.29	77.27	88.24	80.69
injected	37.1	52.75	29.42	42.02
injection	46.79	68.94	17.65	52.84
inner	62.26	61.89	41.18	61.74
inp	0	69.31	29.42	0
insb	0	58.09	58.83	0
inside	34.12	58.24	70.59	44.61
instabilities	41.53	63.36	47.06	47.03
instability	46.48	69.91	52.95	54.44
instanton	37.74	54.17	47.06	39.26
instantons	29.01	54.92	47.06	31.69
insulating	55.05	63.28	52.95	53.98
insulator	82.09	82.36	58.83	82.59
insulators	42.85	63.4	29.42	44.27
integer	56.97	72.75	52.95	59.55
integrable	42.43	54.68	41.18	46.47
integral	67.9	69.83	47.06	66.7
integrals	52.6	54.62	52.95	51.57
integration	34.12	46.37	58.83	36.38
intense	73.07	82.89	41.18	76.36
intensities	38.36	56.51	70.59	47.3
intensity	48.51	72.41	52.95	60.79
interacting	70.26	79.75	52.95	71.87
interaction	71.91	85.55	47.06	80.78
interactions	68.35	82.99	82.36	74.86
interatomic	47.09	57.83	41.18	47.83
interband	48.24	61.74	52.95	49.05
intercalated	55.68	62.78	58.83	57.02
intercalation	65.36	68.41	52.95	66.06
interface	47.68	76.49	47.06	62.39
interfaces	48.24	69.84	70.59	58.41
interfacial	37.1	58.83	82.36	42.02
interference	65.36	77.73	47.06	68.85
interferometer	39.51	68.59	64.71	45.58
interferometers	31.31	59.11	70.59	42.43
interferometric	35.7	54.04	52.95	46.18
interferometry	38.94	63.7	58.83	41.17
interlayer	54.89	69.32	58.83	60.88
intermediate	68.9	72.41	82.36	68.37
intermetallic	57.9	53.98	58.83	56.9
intermittency	34.93	58.03	52.95	42.82
intermittent	27.68	50.08	58.83	31.69
intermolecular	33.25	45.84	58.83	34.25
internal	45.5	61.3	58.83	45.58
interplay	22.57	64.49	88.24	34.25
interpretation	37.1	60.21	64.71	43.57
interstitial	45.15	67.8	41.18	56.13
interstitials	42.43	50.75	52.95	42.43
intersubband	48.24	69.21	70.59	59.55
intrinsic	44.8	67.88	58.83	47.03
invariance	54.73	65.88	58.83	56.52
invariant	57.64	66.32	58.83	60.04
invariants	22.57	47.28	47.06	35.71
inverse	60	61.76	58.83	61.32
inversion	56.56	70.7	35.3	55.6
inverted	27.68	57.98	35.3	33.46
investigated	43.67	58.85	70.59	57.26
investigation	55.68	70.62	41.18	58.07
investigations	34.12	53.75	41.18	39.26
involving	40.56	54.77	47.06	43.57
iodine	31.31	45.76	52.95	33.46
ion	91.78	86.88	47.06	90.32
ionic	54.23	61.05	58.83	55.46
ionization	72.6	85.09	41.18	77.92
ionized	47.96	62.72	76.48	47.83
ions	68.74	84.24	58.83	77.2
ir	17.46	55.75	52.95	19.88
iron	53.35	75.76	47.06	55.87
irradiated	55.68	65.95	52.95	58.94
irradiation	56.27	58.11	29.42	57.14
irreversibility	45.15	59.67	41.18	44.27
irreversible	33.25	51.29	0	33.46
ising	17.46	84.5	52.95	19.88
island	41.98	65.37	64.71	52.49
islands	41.98	64.41	70.59	46.18
isobaric	51.59	58.28	58.83	50.79
isoelectronic	60.84	57.05	35.3	59.75
isolated	32.32	58.05	35.3	38.19
isomer	41.98	49.68	64.71	42.02
isomeric	34.12	44.24	29.42	38.74
isomers	37.1	45.92	35.3	41.6
isoscalar	41.53	59.26	35.3	42.43
isospin	47.39	68.06	58.83	49.51
isotope	60	64.59	47.06	59.45
isotopes	50.26	69.69	47.06	65.52
isotopic	31.31	49.52	23.53	31.69
isotropic	54.23	68.51	47.06	63.45
isovector	41.05	55.39	41.18	42.43
itinerant	55.37	64.86	41.18	55.03
iv	20.28	58.3	47.06	27.14
jahn	0	67.87	52.95	0
jaynes	0	61.02	94.12	0
jellium	40.56	59.63	52.95	42.43
jet	50.02	68.67	47.06	53.98
jets	35.7	63.14	58.83	47.03
jona	0	61.22	100	0
jones	0	62.88	82.36	0
josephson	20.28	80.06	52.95	19.88
jump	34.93	55.78	29.42	41.17
jumps	41.98	60.65	52.95	42.82
junction	65.08	78.51	64.71	64.3
junctions	73.52	80.06	29.42	72.59
kagom	43.27	62.58	52.95	42.82
kaluza	0	57.05	64.71	0
kaon	38.36	57.94	23.53	40.25
kbr	0	52.82	64.71	0
kcl	0	54.89	76.48	0
kerr	0	68.93	41.18	0
kev	0	69.8	35.3	0
kh	0	55.78	64.71	0
kicked	41.05	67.05	52.95	49.73
kinematic	22.57	46.22	70.59	22.13
kinetic	65.78	68.84	41.18	66.58
kinetics	49.04	68.46	29.42	53.83
kink	32.32	53.91	41.18	37.01
kinks	26.2	49.88	29.42	31.69
klein	0	57.26	58.83	0
knight	0	55.91	70.59	0
knockout	44.8	55.44	29.42	45.26
kohn	0	66.41	11.77	0
kondo	0	80.37	64.71	0
kosterlitz	0	61.22	70.59	0
kr	0	60.63	47.06	0
kramers	0	48.64	58.83	0
kronig	0	55.04	47.06	0
krypton	45.5	57.08	47.06	48.33
la	0	89.8	58.83	0
laboratory	22.57	49.15	35.3	22.13
ladder	55.98	72.31	58.83	60.33
ladders	54.06	69.88	58.83	56.39
lagrangian	0	61.74	41.18	0
lamb	0	63.09	47.06	0
lamellar	40.04	53.19	52.95	43.2
lamno	0	61.25	82.36	0
landau	0	79.37	52.95	0
landscape	50.02	53.01	94.12	49.28
langevin	0	55.19	47.06	0
langmuir	0	47.41	41.18	0
lanthanum	22.57	54.52	52.95	35
laser	78.15	84.31	52.95	80.16
lasers	59.23	75.44	23.53	59.55
lasing	37.1	56.66	76.48	40.25
lasinio	0	61.16	100	0
late	37.74	55.99	64.71	37.01
lateral	44.05	67.48	76.48	52.31
lattice	72.99	87.59	58.83	84.8
lattices	70.3	76.28	64.71	69.44
law	66.7	61.74	52.95	65.83
laws	48.51	60.71	41.18	48.58
layer	60.11	74.85	35.3	60.42
layered	67.84	73.98	58.83	68.32
layers	56.56	69.82	35.3	56.26
lead	35.7	62.34	64.71	40.25
leading	46.79	67.42	47.06	54.74
learning	31.31	50.13	58.83	32.6
lee	0	50.61	58.83	0
left	57.51	64.32	35.3	57.02
leg	49.54	68.17	82.36	53.67
length	58.52	64.29	47.06	60.79
lengths	53.88	59.86	58.83	54.44
lennard	0	62.88	82.36	0
lensing	45.83	57.52	88.24	46.47
leptogenesis	22.57	62.47	82.36	35.71
lepton	57.51	75.17	52.95	59.55
leptonic	44.43	58.63	52.95	45.88
leptons	49.78	60.16	70.59	52.13
lett	0	53.04	82.36	0
level	74.27	84.41	52.95	73.36
levels	71.74	75.83	58.83	71.31
lhc	0	68.22	76.48	0
li	13.84	72.49	64.71	13.57
lif	0	55.88	41.18	0
life	46.79	48.92	58.83	46.18
lifetime	55.21	64.36	52.95	55.03
lifetimes	43.67	62.12	52.95	46.75
lifshitz	0	53.64	41.18	0
light	77.5	82.18	52.95	79.93
limit	52.98	75.19	58.83	64.23
limitations	13.84	50.08	47.06	22.13
limited	67.73	72.63	35.3	67.56
limiting	17.46	46.37	58.83	24.04
limits	34.93	63.5	58.83	42.82
line	66.37	73.61	58.83	65.46
linear	57.24	76.2	64.71	59.25
linearized	45.83	56.86	47.06	47.3
linearly	51.59	53.12	47.06	52.49
lines	52.6	60.68	47.06	53.83
linewidth	44.43	62.2	41.18	44.94
linewidths	27.68	51.55	52.95	36.38
lipid	42.85	50.47	52.95	42.82
liquid	85.09	84.82	52.95	83.96
liquids	54.89	72.94	52.95	54.89
lithium	41.53	66.27	17.65	48.58
lived	40.56	54.04	29.42	39.77
lo	0	63.14	23.53	0
local	69.32	77.59	52.95	73.39
localization	58.76	81.7	35.3	63.38
localized	52.98	68.35	41.18	58.19
locally	27.68	47.54	52.95	28.45
location	26.2	46.59	11.77	27.14
locked	49.04	56.64	52.95	49.51
locking	46.79	55.83	47.06	48.82
logarithmic	34.93	51.51	35.3	37.01
longitudinal	45.5	62.09	64.71	52.31
loop	58.99	72.2	64.71	61.23
loops	44.8	58.43	52.95	46.47
lorentz	0	71.22	58.83	0
loss	81.99	75.45	58.83	81.44
losses	37.1	46.94	41.18	39.26
low	89.91	85.18	58.83	89.49
lower	46.16	58.85	70.59	46.18
lowest	49.54	60.6	70.59	49.51
lu	0	53.12	52.95	0
luminescence	40.56	68.65	23.53	53.01
luttinger	0	71.24	64.71	0
lyapunov	0	58.16	64.71	0
lying	70.82	58.53	64.71	69.62
lyotropic	44.8	53.71	47.06	49.05
macroscopic	54.57	73.98	52.95	56.77
magic	38.94	57.43	64.71	42.43
magnesium	42.43	53.4	70.59	41.6
magnet	39.51	66.08	64.71	45.26
magnetic	100	97.85	41.18	100
magnetically	37.74	63.75	41.18	39.77
magnetism	53.88	78.52	70.59	57.73
magnetization	57.38	81.85	41.18	64.3
magnetized	50.72	59.72	47.06	54.44
magneto	73.11	71.34	41.18	72.27
magnetoelastic	34.12	57.54	52.95	33.46
magnetoelectric	38.36	55.16	58.83	37.61
magnetohydrodynamic	41.98	51.97	23.53	41.17
magnetoresistance	63.95	80.55	41.18	63.45
magnetotransport	46.16	66.05	52.95	46.47
magnets	45.15	68.3	35.3	48.82
magnon	44.8	66.46	64.71	50.59
magnons	20.28	58.61	47.06	30.7
majorana	8.73	63.56	29.42	8.56
manganese	36.42	60.87	47.06	39.26
manganite	39.51	69.3	82.36	44.61
manganites	55.68	76.91	82.36	57.14
manifestation	13.84	51.93	52.95	25.69
manifolds	27.68	44.69	52.95	27.14
manipulation	29.01	63.15	94.12	39.77
map	56.84	59.72	52.95	56.9
mapping	33.25	57.17	58.83	39.77
maps	47.09	59.52	64.71	51.38
markovian	0	68.47	52.95	0
martensitic	40.04	56.91	35.3	44.94
maser	39.51	56.51	23.53	43.57
mass	67.61	80.66	70.59	71.15
masses	59.11	73.62	47.06	63.31
massive	50.49	64.14	29.42	54.29
massless	47.09	57.05	35.3	48.08
master	59.56	63.89	47.06	58.62
matched	40.56	49.04	29.42	41.17
matching	41.53	49.88	41.18	43.2
material	41.53	57.54	41.18	41.6
materials	55.68	65.2	52.95	55.32
matrices	58.4	63.14	47.06	57.85
matrix	73.18	77.49	58.83	72.13
matter	82.81	82.96	64.71	82.2
maximal	24.52	52.33	35.3	33.46
maximally	44.43	58.3	88.24	44.94
maximum	46.48	59.01	23.53	46.47
maxwell	0	56.31	41.18	0
mean	85.18	76.49	64.71	83.95
means	38.36	52.6	47.06	42.02
measure	34.93	61.55	47.06	43.93
measured	41.05	59.13	47.06	51.38
measurement	47.68	81.73	58.83	64.76
measurements	59.11	79.48	76.48	65.52
measures	31.31	56.49	76.48	37.61
measuring	34.93	60.35	47.06	34.25
mechanical	65.64	70.94	35.3	65.09
mechanics	75.27	76.27	58.83	75.75
mechanism	51.16	69.71	58.83	50.38
mechanisms	35.7	61.9	41.18	42.82
media	68.13	71.11	52.95	66.92
mediated	52.98	64.23	70.59	54.14
medium	55.05	68.3	52.95	59.25
meissner	0	56.18	52.95	0
melt	35.7	52.56	52.95	40.25
melting	55.83	75.83	29.42	60.42
melts	43.27	48.04	58.83	43.93
membrane	27.68	53.47	76.48	34.25
membranes	45.15	53.47	70.59	46.18
memory	50.02	68.4	58.83	49.51
mercury	33.25	50.8	58.83	37.61
meson	63.47	78.56	70.59	69.4
mesons	62.96	77.56	64.71	69.26
mesoscopic	54.89	78.13	70.59	58.41
metal	82.81	85.33	76.48	89.63
metallic	61.99	75.69	47.06	62.15
metals	71.4	79.88	47.06	71.42
metamaterials	30.21	57.26	94.12	35.71
metastability	22.57	49.09	35.3	31.69
metastable	50.49	66.96	35.3	55.46
methane	22.57	46.87	5.89	34.25
method	55.37	79.39	76.48	70.47
methods	34.12	63.95	58.83	49.05
metric	33.25	56.26	35.3	39.77
mev	0	85.72	41.18	8.56
mg	8.73	66.83	35.3	8.56
mgb	0	69.51	76.48	0
mgo	0	60.38	41.18	0
microcavities	56.7	67.15	76.48	56.52
microcavity	47.68	66.41	82.36	48.33
microscope	60.22	68.03	64.71	59.65
microscopic	48.24	69	52.95	56.13
microscopy	80.54	76.01	64.71	79.38
microstructure	22.57	50.66	23.53	40.25
microwave	69.37	69.57	47.06	68.12
migration	27.68	53.71	47.06	34.25
mills	0	70.59	35.3	0
minima	27.68	45.92	35.3	30.7
minimal	66.44	70.24	52.95	69.44
minimum	27.68	56.91	35.3	37.61
mirror	41.53	58.53	41.18	41.17
missing	31.31	48.87	58.83	35.71
mixed	62.71	71.27	47.06	62.15
mixing	76.84	76.71	52.95	76.2
mixture	58.02	66.19	41.18	64.23
mixtures	60.73	71.72	64.71	67.51
mn	0	84.33	35.3	0
mnf	0	53.12	70.59	0
mno	0	83.78	35.3	0
mo	0	63.22	47.06	0
mobile	22.57	50.23	5.89	30.7
mobility	49.78	68.8	52.95	58.41
mode	60	75.95	52.95	63.38
model	87.1	94.11	76.48	94.18
modeling	41.05	61.02	82.36	46.75
models	60.94	88.05	52.95	72.83
modes	63.47	75.64	47.06	63.88
modification	35.7	52.29	29.42	40.25
modifications	30.21	46.66	29.42	32.6
modified	53.16	65.72	35.3	54.44
modulated	51.8	64.91	41.18	52.67
modulation	63.47	70.64	47.06	62.7
moduli	47.09	50.85	23.53	47.3
modulus	42.85	49.09	41.18	42.82
molecular	87.45	83.24	52.95	87.49
molecule	61.71	71.64	35.3	62.7
molecules	64.41	76.24	35.3	64.36
molybdenum	22.57	52.44	52.95	28.45
moment	74.71	76.33	58.83	75.78
momenta	48.51	52.33	52.95	47.83
moments	71.83	74.63	58.83	73.16
momentum	75.24	77.3	35.3	74.48
monatomic	32.32	49.52	47.06	32.6
monolayer	39.51	65.01	52.95	50.38
monolayers	40.56	59.83	47.06	45.26
monopole	49.54	59.33	47.06	51.19
monopoles	51.8	61.19	29.42	52.13
monte	8.73	81.89	100	8.56
moo	0	62.99	52.95	0
morphological	29.01	51.12	58.83	28.45
morphology	41.05	62.85	64.71	46.75
motion	55.98	73.81	52.95	57.85
motions	29.01	49.63	70.59	29.62
mott	0	73.3	58.83	0
moving	34.12	59.32	47.06	42.43
muffin	58.88	59.88	23.53	57.73
multi	32.32	52.9	47.06	35
multiband	34.12	54.04	58.83	35
multichannel	44.05	58.55	47.06	44.94
multicomponent	39.51	54.01	52.95	43.2
multidimensional	30.21	51.51	52.95	37.01
multielectron	32.32	54.33	41.18	32.6
multiferroic	30.21	62.14	94.12	41.6
multifractal	24.52	53.95	76.48	29.62
multifragmentation	45.5	61.48	64.71	47.83
multilayer	45.83	61.2	47.06	50.17
multilayered	36.42	53.33	47.06	38.74
multilayers	59.23	75.71	41.18	66.53
multilevel	44.43	60.3	41.18	46.75
multimode	41.53	60.11	52.95	49.73
multiparticle	48.24	57.22	52.95	47.83
multipartite	47.68	69.04	94.12	50.59
multiphonon	31.31	53.64	52.95	39.26
multiphoton	67.01	75.87	41.18	67.35
multiple	74.13	77.89	47.06	74.36
multiplet	34.93	52.86	52.95	38.19
multiplicative	50.49	61.22	41.18	53.18
multiplicity	48.78	65.49	52.95	50.38
multiply	57.9	57.74	23.53	57.14
multipole	38.94	58.03	35.3	40.25
multiscale	22.57	47.21	70.59	25.69
muon	60.63	70.56	52.95	62.31
muonic	43.27	55.13	47.06	46.47
muonium	30.21	56.64	29.42	38.74
muons	35.7	58.11	41.18	35.71
mutual	35.7	48.87	29.42	35
na	0	73.19	70.59	0
nacl	0	51.34	70.59	0
nambu	0	62.35	5.89	0
nanoclusters	30.21	59.28	94.12	36.38
nanocrystalline	32.32	48.29	64.71	37.61
nanocrystals	45.83	67.26	88.24	45.88
nanometer	45.83	53.08	58.83	45.26
nanoparticle	37.1	52.64	88.24	40.72
nanoparticles	44.05	64.49	88.24	53.51
nanoscale	34.93	59.45	88.24	39.26
nanostructures	49.78	68.71	88.24	49.95
nanotube	72.64	78.24	94.12	72.13
nanotubes	88.38	90.27	94.12	87.07
nanowire	35.7	56.18	82.36	35.71
nanowires	45.5	66.72	94.12	51.38
nard	63.13	67.89	70.59	62.23
narrow	57.51	67.12	52.95	58.19
narrowing	45.83	51.21	47.06	48.33
natural	32.32	57.05	47.06	31.69
nature	26.2	61.77	47.06	40.72
nb	0	65.41	41.18	8.56
nbse	0	73.42	58.83	0
ne	0	66.82	58.83	0
near	70.68	81.31	64.71	77.71
nearest	71.31	63.68	58.83	71.72
nearly	41.05	61.45	41.18	43.2
negative	58.4	69.32	41.18	60.04
neighbor	71.31	64.89	52.95	71.72
nematic	79.57	82.05	58.83	80.49
neon	43.67	62.31	35.3	46.47
network	57.38	71.97	70.59	57.85
networks	65.57	72.37	64.71	65.15
neural	65.43	62.86	58.83	64.3
neurons	32.32	48.23	88.24	37.61
neutral	61.62	71.02	47.06	61.82
neutralino	45.5	67.09	76.48	46.47
neutralization	31.31	56.26	23.53	38.74
neutrino	66.95	82.16	23.53	69.53
neutrinoless	55.83	63.91	47.06	55.87
neutrinos	49.54	82.16	23.53	54.44
neutron	83.35	83.23	76.48	84.96
neutrons	38.36	61.82	70.59	43.93
newtonian	0	70.27	35.3	0
nh	8.73	54.89	64.71	17.12
ni	0	79.78	41.18	0
nickel	38.94	71.03	64.71	45.88
nio	0	70.13	47.06	0
niobium	37.74	57.12	35.3	43.57
nitride	63.3	60.55	47.06	62.78
nitrogen	41.05	61.02	47.06	46.18
nm	37.74	63.49	17.65	50.99
nmr	0	76.27	23.53	0
nn	20.28	75.04	11.77	29.62
noble	56.97	62.85	58.83	56.65
noise	62.53	83.18	52.95	68.37
noisy	33.25	64.67	70.59	42.02
nonadiabatic	31.31	62.68	29.42	35
nonclassical	38.36	64.67	58.83	39.26
noncollinear	38.94	60.21	82.36	42.43
noncommutative	41.53	58.87	82.36	48.58
nonconservation	46.79	65.63	41.18	45.88
nonconserving	46.48	56.93	47.06	47.03
nondegenerate	36.42	58.22	29.42	41.17
nondemolition	47.96	67.25	47.06	49.73
nonequilibrium	46.79	74.95	64.71	57.96
nonleptonic	54.23	71.65	88.24	59.05
nonlinear	72.64	81.87	47.06	75.01
nonlinearities	45.15	56.71	23.53	46.75
nonlinearity	45.5	60.48	52.95	49.05
nonlocal	41.05	66.91	47.06	46.18
nonlocality	31.31	60.45	64.71	38.19
nonmagnetic	51.38	63.33	35.3	51.19
nonperturbative	36.42	63.03	47.06	39.77
nonradiative	41.05	45.28	17.65	42.43
nonrelativistic	40.04	57.36	58.83	45.88
nonresonant	37.1	54.59	41.18	40.72
nonstationary	22.57	43.07	47.06	28.45
nonuniform	40.56	53.58	35.3	42.82
nonuniversal	29.01	55.27	52.95	28.45
nonzero	41.98	58.45	47.06	43.2
normal	69.67	72.87	47.06	69.12
note	0	43.48	88.24	8.56
novel	17.46	59.2	64.71	24.04
np	30.21	55.75	70.59	36.38
nuclear	78.3	82.5	58.83	77.98
nucleation	51.59	64.75	52.95	56.13
nuclei	64.41	81.42	64.71	68.51
nucleon	72.2	84.56	58.83	76.78
nucleons	30.21	55.47	58.83	40.72
nucleosynthesis	56.7	62.19	47.06	55.87
nucleus	68.79	78.65	47.06	73.46
null	34.93	50.89	23.53	35.71
numerical	61.33	73.66	47.06	62.31
objects	44.43	55.75	41.18	44.61
oblique	40.04	45.53	23.53	39.77
observable	13.84	51.55	35.3	24.04
observables	48.24	66.12	47.06	52.31
observation	35.7	85.18	58.83	51.19
observations	27.68	57	47.06	35.71
observed	47.09	64.51	52.95	54.59
obtained	30.21	50.8	29.42	33.46
octet	42.85	58.81	41.18	42.02
octupole	34.93	55.83	35.3	44.61
odd	60.43	66.24	41.18	66.58
oh	0	50.75	58.83	0
onset	37.1	59.59	29.42	41.17
operation	29.01	55.86	47.06	39.26
operations	45.83	67.39	70.59	51.95
operator	46.16	67.35	41.18	50.99
operators	40.04	64.38	52.95	47.03
optic	46.79	57.7	35.3	46.18
optical	83.46	93.22	64.71	83.95
optically	50.94	67.27	47.06	50.79
optics	51.59	73.35	17.65	60.33
optimal	46.79	74.3	82.36	47.83
optimization	35.7	57.31	76.48	37.61
optimized	34.93	58.11	47.06	43.57
orbit	80.77	83.67	58.83	81.74
orbital	57.24	76.94	41.18	64.23
orbitals	50.02	61.93	52.95	50.99
orbits	60.63	62.07	41.18	60.23
organic	58.15	69.4	82.36	59.95
organization	52.79	51.76	64.71	52.31
organized	66.63	70.99	64.71	65.52
orientation	44.8	58.43	29.42	47.57
orientational	38.36	65.39	41.18	52.49
oriented	46.48	58.55	35.3	48.58
origin	27.68	66.77	64.71	39.77
orthogonal	30.21	53.51	41.18	33.46
orthorhombic	39.51	57.1	41.18	46.47
os	0	49.47	47.06	0
oscillating	37.1	55.47	64.71	47.83
oscillation	56.97	73.84	47.06	60.04
oscillations	66.76	81.76	35.3	68.99
oscillator	68.46	74.24	47.06	67.77
oscillators	59.23	69.15	58.83	67.92
oscillatory	34.93	63.06	17.65	38.74
output	33.25	58.59	47.06	36.38
overlap	41.98	51.47	35.3	41.6
overlayer	24.52	56.93	41.18	39.77
overlayers	41.05	62.5	41.18	44.94
oxidation	34.93	62.53	17.65	48.33
oxide	57.64	67.6	29.42	61.14
oxides	55.98	69.37	58.83	57.73
oxygen	54.89	79.92	47.06	61.23
packed	54.23	45.36	35.3	53.18
packet	65.57	64.39	58.83	65.09
packets	67.43	66.34	52.95	66.58
packing	26.2	51.25	47.06	35
pair	74.91	74.49	52.95	74.15
pairing	53.35	72.7	41.18	61.05
pairs	54.06	67.83	52.95	56.39
palladium	30.21	59.74	17.65	40.72
para	35.7	53.78	29.42	41.6
parabolic	56.7	65.66	41.18	58.07
parallel	54.73	65.21	47.06	61.4
paramagnetic	67.73	69.97	64.71	67.19
parameter	49.29	66.71	58.83	56.65
parameters	42.43	68.83	64.71	55.32
parametric	59.11	73.89	35.3	59.55
parametrization	30.21	53.71	29.42	35
parity	62.71	71.11	41.18	62.86
partial	55.52	65.08	70.59	55.6
partially	46.16	58.99	41.18	46.47
particle	71.61	79.49	70.59	71.84
particles	69.57	72.17	82.36	70.1
partition	50.26	50.75	29.42	49.51
parton	62.35	68.49	23.53	61.99
passage	58.99	59.99	41.18	58.84
passive	51.16	61.22	47.06	50.17
path	67.9	68.51	35.3	66.7
paths	39.51	52.17	52.95	40.25
pattern	64.49	62.74	64.71	63.67
patterned	30.21	45.28	82.36	32.6
patterns	40.56	62.72	82.36	50.17
pauli	0	52.79	35.3	0
pb	8.73	70.94	58.83	8.56
pbte	0	51.07	52.95	0
pbtio	0	58.41	70.59	0
pd	33.25	70.52	47.06	35
peak	44.43	64.99	5.89	47.57
peaks	30.21	51.12	29.42	31.69
peierls	0	75.29	47.06	0
penetration	65	69.07	47.06	63.74
penning	0	49.2	35.3	0
percolation	56.7	69.16	58.83	57.14
perfect	50.72	60.35	52.95	49.95
performance	13.84	53.01	76.48	25.69
period	54.73	58.45	52.95	53.98
periodic	60.63	73.53	58.83	63.08
periodically	53.35	58.47	58.83	52.49
perovskite	44.43	66.63	52.95	46.47
perovskites	47.39	62.54	29.42	46.47
perpendicular	56.12	68.74	64.71	60.33
persistence	26.2	49.68	64.71	27.14
persistent	50.94	67.1	41.18	50.99
perturbation	82.88	75.93	47.06	81.73
perturbations	54.89	68.99	29.42	57.5
perturbative	49.78	67.89	41.18	50.99
perturbed	55.05	50.28	58.83	53.98
pf	32.32	58.03	35.3	35.71
phase	96.41	93.76	70.59	95.87
phases	51.8	80.05	35.3	61.66
phenomena	57.24	71.21	70.59	57.73
phenomenological	37.74	62.96	58.83	45.26
phenomenology	24.52	63.13	47.06	41.17
phenomenon	27.68	53.88	41.18	28.45
phenylene	55.21	55.47	58.83	57.26
phonon	78.6	83.29	52.95	81.48
phonons	65.15	77.52	52.95	64.96
phosphorus	38.94	55.97	41.18	46.75
photoabsorption	41.98	55.24	41.18	41.6
photoassociation	27.68	59.59	82.36	33.46
photoconductivity	44.05	56.02	29.42	43.57
photodetachment	38.94	58.43	41.18	42.02
photodisintegration	39.51	51.89	70.59	41.6
photodissociation	26.2	52.17	35.3	33.46
photoelectron	72.16	72.07	23.53	72.69
photoelectrons	41.98	56.79	41.18	43.57
photoemission	76.89	82.52	47.06	77.76
photoexcitation	20.28	47.14	47.06	27.14
photoexcited	41.05	58.3	29.42	43.93
photoinduced	39.51	58.01	52.95	43.2
photoionization	60.53	71.01	41.18	62.47
photoluminescence	46.79	75.43	52.95	62.86
photon	65.15	86.67	35.3	68.99
photonic	74.85	77.96	94.12	74.45
photons	46.48	72.47	35.3	47.83
photoproduction	56.56	66.5	82.36	56.39
photorefractive	37.1	55.27	64.71	40.72
phys	0	60.25	100	0
physical	56.84	63.71	35.3	56.77
physics	42.43	69.31	58.83	49.28
picosecond	48.24	61.52	35.3	50.99
picture	37.74	59.97	41.18	39.77
piezoelectric	31.31	55.58	29.42	41.6
pinch	32.32	50.28	47.06	36.38
pinned	41.53	57.96	29.42	44.94
pinning	53.53	75.47	76.48	60.51
pion	66.18	81.5	70.59	68.85
pionic	39.51	52.21	29.42	39.77
pions	41.53	66.69	47.06	47.03
planar	48.51	64.64	23.53	56.13
planck	0	53.22	47.06	0
plane	66.7	72.58	41.18	67.66
planes	24.52	59.45	41.18	30.7
plasma	70.59	79.9	64.71	70.68
plasmas	56.84	77.18	47.06	66.92
plasmon	65.64	73.88	29.42	67.08
plasmons	58.27	65.93	52.95	59.25
plastic	46.48	52.93	17.65	45.58
plateau	29.01	58.91	64.71	41.17
platinum	26.2	53.58	41.18	32.6
plus	34.12	52.05	58.83	43.93
pn	40.56	48.7	47.06	43.2
po	0	55.78	41.18	0
poincar	0	45.12	11.77	0
poisson	0	46.73	47.06	0
polar	50.94	62	35.3	51.38
polariton	47.68	65.63	35.3	52.31
polaritons	51.59	63.57	47.06	58.07
polarizabilities	45.15	56.33	52.95	48.82
polarizability	33.25	55.41	47.06	36.38
polarization	69.67	80.99	52.95	72.55
polarized	75.8	82.52	52.95	78.66
polaron	47.96	64.78	58.83	54.29
polarons	49.78	62.46	17.65	52.67
pole	35.7	62.02	94.12	36.38
poles	22.57	57.38	70.59	35
poly	55.21	59.35	58.83	57.26
polyacetylene	57.11	66.07	76.48	56.39
polycrystalline	38.94	58.65	47.06	50.59
polymer	55.05	65.64	82.36	57.62
polymeric	30.21	45.03	35.3	31.69
polymers	63.3	65.01	52.95	62.39
pomeron	0	48.52	52.95	13.57
populated	45.15	48.98	70.59	50.59
population	53.71	64.82	35.3	54.14
populations	27.68	48.23	35.3	33.46
porous	68.13	64.91	52.95	66.92
position	32.32	58.26	29.42	36.38
positive	46.48	61.66	41.18	51.19
positron	68.57	73.61	58.83	71.15
positronium	45.83	62.75	23.53	46.18
positrons	43.27	67.25	41.18	49.95
possibility	8.73	52.48	52.95	19.88
post	36.42	70.08	47.06	48.08
potassium	38.36	59.92	47.06	47.03
potential	67.25	80.2	58.83	73.81
potentials	51.38	72.19	58.83	62.23
potts	0	70.44	47.06	0
powder	52.4	51.07	52.95	54.29
power	66.7	65.32	29.42	65.83
powers	51.59	59.16	35.3	50.99
pp	69.82	74.6	41.18	70.22
pr	0	73.77	35.3	0
prba	0	67.51	64.71	0
precession	48.24	63.93	23.53	54.29
precise	22.57	54.21	35.3	25.69
precision	39.51	63.41	47.06	45.88
precursor	26.2	47.79	70.59	28.45
predicted	22.57	47.14	0	28.45
prediction	35.7	54.01	47.06	36.38
predictions	47.39	60.37	47.06	50.79
preparation	27.68	67.37	52.95	37.01
prepared	40.56	48.41	41.18	39.77
presence	54.57	75.13	64.71	69.4
pressure	66.5	80.78	52.95	74.57
pressures	38.36	64.64	29.42	44.27
primary	32.32	49.47	52.95	37.61
primordial	51.38	64.64	70.59	51.19
principle	51.8	61.58	47.06	53.01
principles	79.82	78.9	76.48	79.6
probabilities	58.88	53.26	47.06	58.19
probability	52.79	59.97	35.3	52.84
probe	55.21	67.91	52.95	55.03
probed	41.05	61.95	64.71	54.29
probes	20.28	48.75	47.06	29.62
probing	20.28	65.58	70.59	25.69
procedure	22.57	44.86	47.06	32.6
process	48.78	67.06	35.3	51.38
processes	54.4	72.79	70.59	61.49
processing	53.16	65.24	76.48	52.49
produced	65.15	70.11	47.06	67.51
product	41.53	57.59	35.3	41.6
production	74.91	88.45	64.71	82.51
products	34.12	48.92	58.83	40.25
profiles	43.67	55.86	41.18	46.18
projected	32.32	52.71	17.65	38.19
projectile	37.74	63.36	47.06	49.05
projectiles	31.31	59.45	64.71	47.83
projection	41.98	55.27	29.42	42.02
prompt	39.51	58.91	47.06	39.26
proof	24.52	57.08	35.3	28.45
propagating	38.36	50.23	29.42	43.57
propagation	63.38	67.79	70.59	65.89
propagator	44.8	58.61	35.3	46.18
properties	83.92	88.12	58.83	87.74
property	20.28	43.18	29.42	27.14
proposal	13.84	55.91	35.3	24.04
proposed	20.28	56.36	47.06	25.69
protein	42.85	49.93	88.24	43.57
proteins	33.25	48.23	70.59	38.19
proton	66.5	84.03	64.71	76.76
protons	52.6	71.85	64.71	58.62
proximity	59.56	66.93	23.53	59.25
pseudo	34.12	48.29	52.95	35.71
pseudogap	36.42	66.37	82.36	42.43
pseudopotential	50.26	65.62	35.3	53.18
pseudopotentials	31.31	72.27	41.18	35.71
pseudoscalar	52.79	59.35	47.06	55.03
pt	0	69.94	41.18	13.57
pu	0	53.98	58.83	0
publisher	0	38.68	88.24	0
pulse	65	76.18	47.06	70.76
pulsed	60.32	61.74	11.77	60.61
pulses	78.15	80.55	52.95	77.48
pump	55.21	67.04	47.06	55.03
pumped	50.94	58.63	47.06	51.95
pumping	55.98	68.43	41.18	55.87
pure	51.38	69.25	41.18	53.18
purity	26.2	52.9	29.42	25.69
puzzle	24.52	52.29	29.42	28.45
pyrochlore	41.53	65.67	88.24	42.02
qcd	0	80.76	58.83	0
qed	0	74.53	64.71	0
quadratic	38.36	58.55	41.18	42.82
quadrupolar	37.1	53.01	41.18	37.01
quadrupole	60.53	65.69	52.95	61.49
quantitative	36.42	55.61	11.77	38.19
quantization	45.5	74.57	17.65	55.18
quantized	44.43	79.92	35.3	53.34
quantum	94.85	100	64.71	93.9
quark	78.77	85.73	47.06	84.21
quarkonium	49.78	61.63	52.95	49.73
quarks	56.56	72.71	47.06	57.96
quartz	33.25	54.33	29.42	39.26
quasi	87.51	80	52.95	86.45
quasiclassical	17.46	51.68	41.18	25.69
quasicrystal	49.54	64.49	47.06	49.05
quasicrystals	51.38	67.44	58.83	52.13
quasielastic	46.48	70.18	35.3	62.31
quasifree	35.7	58.13	47.06	42.02
quasinormal	48.78	69.79	70.59	48.58
quasiparticle	48.51	70.66	47.06	52.67
quasiparticles	24.52	61.77	47.06	37.01
quasiperiodic	40.56	59.83	70.59	44.94
qubit	43.27	81.9	94.12	60.97
qubits	45.15	79.06	100	57.85
quenched	55.52	64.95	47.06	55.6
quenching	34.93	61.6	47.06	38.19
quintessence	31.31	67.03	76.48	34.25
rabi	0	65.84	70.59	0
radial	37.74	60.09	35.3	40.25
radiation	68.41	74.11	64.71	67.35
radiative	63.22	71.35	52.95	63.23
radii	44.43	52.05	52.95	44.61
radio	55.52	50.71	47.06	54.44
radioactive	34.12	47.34	29.42	37.61
radius	42.85	50.8	47.06	42.82
raman	17.46	87.79	64.71	17.12
random	71.95	82.4	41.18	76.56
randomly	41.53	59.22	17.65	41.17
range	74.17	76.49	64.71	73.59
rapid	32.32	53.75	11.77	36.38
rapidity	33.25	62.42	47.06	43.57
rapidly	47.96	57.9	29.42	47.03
rare	82.4	70.1	76.48	81.39
rashba	0	75.88	88.24	0
ratchet	29.01	51.68	94.12	28.45
rate	59.56	67.74	52.95	59.75
rates	58.76	65.12	29.42	57.96
ratio	58.52	60.94	41.18	58.07
ratios	54.23	56.41	58.83	53.51
ray	86.59	86.2	52.95	86.47
rayleigh	0	67.63	52.95	0
rays	58.88	69.95	76.48	58.52
rb	0	63.49	58.83	0
reaction	68.57	81.03	70.59	70.1
reactions	65.78	79.89	35.3	71.76
reactive	33.25	48.04	29.42	35
real	61.33	66.71	41.18	60.88
realistic	37.74	60.57	41.18	48.33
realization	26.2	69.74	23.53	43.2
rearrangement	31.31	47.92	52.95	35
recent	33.25	51.93	47.06	43.57
recoil	38.94	56.59	52.95	42.02
recombination	57.51	69.84	29.42	57.5
reconnection	31.31	50.57	35.3	30.7
reconstructed	50.26	65.09	47.06	53.34
reconstruction	59.68	74.76	70.59	65.34
reconstructions	40.56	64.8	64.71	47.57
recovery	24.52	48.23	41.18	28.45
rectangular	30.21	53.61	52.95	35.71
redistribution	33.25	46.37	29.42	34.25
reduced	50.02	62.58	29.42	51.95
reduction	48.78	65.54	41.18	49.95
reentrant	41.05	61.02	64.71	45.26
reexamined	27.68	47.14	64.71	33.46
reference	32.32	56.54	29.42	34.25
reflectance	45.15	61.02	29.42	46.75
reflection	44.8	64.27	29.42	52.84
reflectivity	51.16	60.18	47.06	52.67
refraction	44.43	59.56	52.95	45.88
refractive	58.4	50.03	35.3	57.62
regge	0	69	82.36	0
regime	62.53	80.26	58.83	70.76
regimes	26.2	58.22	70.59	42.82
region	62.62	69.99	64.71	65.09
regions	22.57	49.2	35.3	31.69
regular	33.25	57.19	58.83	38.19
regularization	35.7	49.57	41.18	41.17
related	49.29	61.02	58.83	53.34
relation	57.38	66.4	41.18	56.39
relations	57.77	63.27	64.71	56.9
relationship	13.84	52.01	47.06	30.7
relative	35.7	55.99	41.18	39.26
relativistic	71.83	80.33	70.59	74.03
relativity	53.88	68.01	47.06	53.67
relaxation	74.27	84.97	64.71	82.85
relaxations	26.2	51.42	64.71	32.6
relaxor	49.78	64.13	76.48	53.51
relevance	24.52	51.64	41.18	29.62
remarks	8.73	49.42	58.83	17.12
removal	33.25	47.07	47.06	34.25
renormalization	63.05	82.04	35.3	67.03
renormalized	24.52	57.19	23.53	37.61
reorientation	56.7	66.31	17.65	56.52
replies	0	51.29	70.59	0
reply	62.53	72.25	47.06	61.32
representation	45.83	66.56	58.83	52.49
representations	30.21	51.76	52.95	38.19
repulsion	34.12	58.28	47.06	39.77
repulsive	45.5	57.05	35.3	47.83
residual	31.31	44.42	29.42	33.46
resistance	41.98	70.03	35.3	49.05
resistive	40.04	57.65	29.42	42.43
resistivity	62.17	68.34	64.71	61.14
resolution	56.97	66.52	70.59	67.08
resolved	76.89	77.07	41.18	77.76
resonance	77.97	82.71	70.59	80.14
resonances	58.27	75.15	58.83	62.86
resonant	73.48	83.21	64.71	75.89
resonantly	38.36	53.3	47.06	38.19
resonating	54.4	65	41.18	53.34
resonator	40.56	61.72	70.59	44.61
resonators	35.7	54.68	58.83	38.19
respond	32.32	41.98	64.71	31.69
response	65.98	74.18	58.83	66.41
rest	34.93	48.1	76.48	34.25
restoration	49.29	53.37	35.3	52.84
restricted	39.51	49.09	35.3	47.57
results	48.51	73.11	47.06	60.42
resummation	31.31	55.97	76.48	40.72
rev	0	60.25	76.48	0
revealed	27.68	49.25	82.36	36.38
reversal	63.95	66.82	29.42	63.31
reversed	33.25	52.86	47.06	38.74
reversible	35.7	55.07	52.95	36.38
review	13.84	61.36	0	13.57
revisited	26.2	53.3	23.53	31.69
rf	38.94	52.93	17.65	44.27
rh	0	62.1	11.77	0
rich	71.18	64.69	41.18	70.84
rigid	24.52	43.58	52.95	36.38
rigorous	17.46	55.33	58.83	22.13
ring	57.64	72.46	47.06	56.9
rings	54.4	71.58	47.06	58.41
robust	20.28	63.3	82.36	28.45
rods	38.94	47.34	64.71	39.26
role	33.25	72.89	70.59	47.03
rotating	59.68	74.5	47.06	61.91
rotation	60.84	66.31	47.06	63.74
rotational	49.04	60.75	58.83	48.33
rotor	47.96	56.86	17.65	48.33
rough	53.71	62.56	35.3	56.39
roughening	44.05	64.76	52.95	48.58
roughness	52	61.28	41.18	54.89
ru	0	65.83	17.65	0
rubidium	47.39	57.61	52.95	49.51
ruby	22.57	48.98	47.06	27.14
rule	69.11	61.16	82.36	67.87
rules	76.81	71.22	70.59	75.37
running	42.43	51.16	88.24	43.57
ruo	0	73.39	88.24	0
rutile	32.32	59.5	58.83	37.01
rydberg	0	74.79	58.83	0
saddle	24.52	52.44	29.42	29.62
salpeter	8.73	58.43	58.83	8.56
salt	20.28	40.61	23.53	35.71
salts	29.01	52.21	17.65	39.77
sample	31.31	46.37	41.18	31.69
samples	29.01	51.34	17.65	38.19
sampling	17.46	48.64	58.83	30.7
sandpile	48.78	63.22	76.48	48.08
satellite	40.04	55.13	41.18	47.03
satellites	27.68	53.88	47.06	39.77
saturated	26.2	48.23	70.59	27.14
saturation	33.25	59.45	47.06	38.19
sb	0	64.51	29.42	0
scalar	75.87	73.31	23.53	76.36
scalars	34.93	49.98	41.18	35
scale	63.95	70.94	52.95	63.01
scales	53.53	55.01	35.3	53.98
scaling	66.63	82.4	35.3	66.75
scanning	81.43	79.27	64.71	80.14
scattered	42.85	60.62	47.06	50.99
scattering	86.17	92.29	88.24	90.71
scenario	29.01	53.68	70.59	33.46
scheme	41.98	70.49	47.06	50.59
schemes	26.2	59.99	23.53	37.61
schottky	0	57.4	41.18	0
schr	8.73	66.36	94.12	8.56
schwarzschild	0	69.69	35.3	0
schwinger	0	58.95	23.53	0
screened	41.98	54.74	58.83	42.43
screening	49.04	68.72	52.95	52.84
se	0	64.55	41.18	0
sea	38.94	52.37	41.18	42.82
search	43.67	70.13	47.06	46.18
searches	17.46	51.47	64.71	31.69
searching	22.57	57.94	58.83	24.04
secondary	51.59	60.91	29.42	55.32
section	89.68	76.88	70.59	88.25
sections	97.26	84.11	52.95	95.59
sector	35.7	59.37	58.83	48.58
seesaw	51.16	68.39	70.59	50.38
segregation	49.29	64.2	47.06	53.51
selected	27.68	47.01	0	35
selection	54.73	57.38	41.18	53.67
selective	42.43	61.9	52.95	48.33
selenium	38.94	51.12	35.3	39.26
self	76.43	83.6	58.83	75.32
semi	64.26	60.68	23.53	63.31
semiclassical	42.85	74.53	35.3	49.73
semiconducting	40.04	63.62	35.3	47.57
semiconductor	78.92	89.33	11.77	80.51
semiconductors	66.95	78.02	64.71	70.31
semiflexible	45.15	48.7	58.83	44.27
semileptonic	65.08	72.26	47.06	65.71
sensitive	44.05	58.63	47.06	44.61
sensitivity	29.01	58.13	29.42	34.25
separable	34.12	57.85	52.95	38.74
separated	49.54	58.07	35.3	50.59
separation	75.9	76.12	52.95	75.01
sequence	60.84	57.63	41.18	59.75
sequences	33.25	50.85	35.3	32.6
sequential	48.78	57.61	23.53	48.08
series	67.01	62.68	35.3	66.58
set	52.79	58.89	29.42	51.76
sets	47.09	48.46	47.06	46.18
shallow	47.96	62.83	29.42	48.33
sham	0	64.71	52.95	0
shape	66.37	67.54	41.18	65.46
shaped	46.16	63.67	76.48	51.38
shapes	64.71	55.5	52.95	63.6
sharp	31.31	53.68	35.3	30.7
shear	64.56	69.21	64.71	64.63
sheared	31.31	54.95	64.71	34.25
sheet	30.21	49.88	23.53	29.62
shell	74.51	74.75	70.59	75.29
shells	36.42	55.04	35.3	37.61
shielding	33.25	52.09	58.83	35.71
shift	57.51	66.31	76.48	58.19
shifts	62.35	66.09	52.95	63.38
shock	56.84	55.67	52.95	56.13
short	74.17	69.71	52.95	73.59
shot	62.53	72.66	76.48	61.49
si	8.73	90.52	29.42	17.12
sic	0	64.17	58.83	0
sige	0	62.07	76.48	0
sigma	50.49	53.19	52.95	50.99
sign	40.04	55.04	58.83	39.26
signal	37.1	57.52	64.71	44.94
signals	37.1	57.03	58.83	47.03
signature	34.12	59.14	41.18	35.71
signatures	24.52	64.49	70.59	35.71
silica	48.24	63.84	47.06	47.57
silicon	78.92	87.39	52.95	79.38
silver	42.85	63.03	64.71	49.05
similar	59.11	52.93	52.95	58.84
similarity	49.04	51.47	29.42	48.33
simons	0	66.19	76.48	0
simple	59.23	73.97	64.71	67.03
simplified	29.01	47.73	35.3	36.38
simulated	40.04	50.98	29.42	39.26
simulation	71.95	72.61	52.95	73.1
simulations	75.24	74.83	76.48	75.94
simultaneous	26.2	52.48	47.06	34.25
sine	48.24	63.57	76.48	49.95
single	88.6	90.7	41.18	87.17
singlet	50.72	67.63	35.3	52.84
singly	44.43	51.38	47.06	44.27
singular	31.31	52.93	29.42	32.6
singularities	43.27	63.75	52.95	42.82
singularity	47.96	59.48	23.53	47.3
sio	0	69.48	47.06	0
site	41.05	64.47	35.3	56.13
sites	32.32	55.78	35.3	39.77
sitter	0	70.14	41.18	0
situ	45.83	52.05	35.3	51.19
six	43.27	55.75	47.06	44.94
size	72.76	75.97	52.95	73.1
sized	45.83	50.28	88.24	44.94
skyrme	0	57.29	64.71	0
skyrmion	8.73	58.22	41.18	22.13
skyrmions	22.57	63.24	64.71	34.25
slab	38.36	50.71	58.83	41.17
slabs	44.05	53.81	41.18	43.93
sliding	45.5	65.56	52.95	46.75
slip	43.67	51.21	64.71	44.27
slow	53.53	68.36	41.18	59.45
slowing	36.42	49.73	41.18	35.71
sm	0	62	52.95	0
smectic	67.73	80.23	41.18	74.92
smooth	20.28	50.52	35.3	32.6
sn	0	65.99	64.71	0
sodium	49.29	65.23	64.71	50.17
soft	71.09	72.72	29.42	70.68
softening	40.56	52.56	29.42	42.43
solar	66.95	82.05	23.53	69.53
solid	63.3	73.84	52.95	66.24
solidification	55.05	60.23	41.18	54.14
solids	51.38	70.49	70.59	54.59
solitary	60.32	61.4	41.18	59.85
soliton	53.35	72.88	35.3	56.77
solitons	51.16	76.12	41.18	62.86
soluble	44.8	52.52	41.18	48.82
solution	54.23	76.2	47.06	68.32
solutions	63.3	70.98	52.95	65.77
solvable	60.11	63.1	29.42	63.16
solvent	26.2	40.05	47.06	31.69
solving	41.98	50.13	23.53	41.17
sonoluminescence	42.85	61.92	47.06	44.61
sound	48.24	64.5	64.71	49.95
source	38.94	64.63	23.53	48.58
sources	40.56	59.46	35.3	44.61
sp	32.32	50.71	41.18	42.82
space	73.41	78.49	23.53	74
spaces	35.7	50.47	29.42	39.77
spacetime	53.88	67.36	58.83	53.18
spacetimes	43.67	67.24	58.83	48.82
spatial	43.27	68.56	64.71	47.57
spatially	46.16	66.9	23.53	49.05
spatiotemporal	54.89	62.02	64.71	54.89
special	48.24	63.13	11.77	48.82
species	27.68	58.59	35.3	42.43
specific	78.77	74.01	58.83	77.29
spectra	70.77	79.26	82.36	74.39
spectral	58.52	72.65	64.71	60.33
spectroscopic	54.89	59.67	41.18	54.74
spectroscopy	72.16	83.38	52.95	81.27
spectrum	61.13	77.02	52.95	66.3
speed	44.05	52.09	35.3	45.26
sphere	69.37	66.47	41.18	69.03
spheres	59.56	62.1	17.65	60.88
spherical	47.96	64.65	64.71	55.73
spherically	64.18	57.24	47.06	62.93
spin	81.4	100	47.06	89.67
spinel	30.21	49.2	17.65	35
spinless	37.1	55.5	29.42	43.57
spinning	44.05	63.35	23.53	46.75
spinodal	57.11	66.48	64.71	56
spinor	49.04	70.89	11.77	48.58
spins	49.04	71.38	29.42	53.51
spiral	53.53	60.71	70.59	53.51
split	41.53	58.2	41.18	47.83
splitting	53.71	75.12	35.3	61.23
splittings	43.67	54.65	41.18	43.93
spontaneous	69.82	77.04	76.48	69.26
spontaneously	52.2	60.86	47.06	51.38
spreading	26.2	54.92	41.18	36.38
sputtered	32.32	49.88	52.95	45.26
sputtering	30.21	56.79	29.42	42.43
sqrt	70.26	79.92	76.48	70.22
square	70.59	69.15	41.18	70.55
squeezed	55.98	72.78	47.06	55.73
squeezing	34.93	71.6	58.83	43.93
sr	13.84	89.8	58.83	25.69
srtio	0	59.54	35.3	0
ssbauer	58.88	63.35	64.71	62.78
stability	57.38	71.3	35.3	61.14
stabilization	31.31	61.77	23.53	41.6
stabilized	39.51	53.54	47.06	42.43
stable	32.32	56.28	52.95	37.01
stacking	50.49	50.38	17.65	50.38
stage	48.51	61.54	17.65	56.77
stages	34.12	53.08	52.95	39.77
staggered	42.43	59.68	58.83	42.82
standard	78.48	70.46	58.83	78.1
standing	61.81	62.86	35.3	62.55
star	64.41	67.84	41.18	64.76
stark	0	67.39	29.42	0
stars	67.43	71.39	41.18	66.97
static	51.8	69.01	47.06	62.07
stationary	33.25	56.69	23.53	37.61
statistical	61.43	71.73	58.83	60.51
statistics	52.2	79.52	41.18	61.57
steady	45.5	56.46	58.83	47.3
stellar	38.36	54.92	41.18	41.17
step	43.27	66	47.06	53.51
stepped	50.26	59.9	47.06	53.67
steps	37.1	62.03	70.59	47.57
stiffness	31.31	54.4	47.06	42.02
stimulated	63.3	69.07	29.42	64.7
stm	0	65.37	64.71	0
stochastic	63.55	76.11	70.59	63.16
stokes	0	54.27	29.42	0
stopping	61.23	64.43	64.71	60.04
storage	57.64	57.81	52.95	56.65
strain	50.26	68.13	64.71	57.5
strained	59.79	71.31	64.71	60.51
strange	52.79	64.74	23.53	55.6
strangeness	26.2	55.8	52.95	35.71
strength	55.68	61.52	29.42	55.18
strengths	61.62	58.87	35.3	60.51
stress	59.11	65.01	47.06	58.52
stretched	34.12	49.83	70.59	33.46
stretching	31.31	41.38	41.18	31.69
string	68.63	71.78	58.83	72.31
strings	66.24	73.45	52.95	65.95
stripe	40.56	70.32	76.48	42.02
stripes	24.52	63.83	82.36	29.62
stripping	34.93	54.71	70.59	36.38
strong	74.98	79.95	41.18	79.44
strongly	71.57	75.18	58.83	70.39
strontium	32.32	51.64	58.83	35.71
structural	69.77	80.17	64.71	75.26
structure	92.39	93.04	58.83	92.25
structured	22.57	49.2	70.59	27.14
structures	72.92	82.27	41.18	76.83
studied	61.33	75.41	58.83	79.6
studies	63.38	75.42	41.18	69.35
study	80.93	88.86	64.71	82.79
su	26.2	77.74	52.95	27.14
sub	57.24	65.22	58.83	57.14
subband	34.12	63.52	58.83	49.95
subject	35.7	50.85	35.3	39.77
submonolayer	31.31	56.91	47.06	38.74
subpicosecond	43.27	61.88	52.95	44.61
subshell	39.51	53.3	35.3	41.17
substituted	33.25	58.43	58.83	41.17
substitution	31.31	62.17	58.83	43.57
substitutional	41.98	61.16	35.3	44.94
substrate	34.93	65.24	52.95	48.33
substrates	40.56	60.53	58.83	56.26
subwavelength	34.12	58.47	64.71	43.93
sulfur	30.21	51.34	52.95	31.69
sum	76.81	71.22	64.71	75.37
super	52	65.98	47.06	52.67
superconducting	67.01	87.19	35.3	72.27
superconductivity	55.05	83.2	35.3	62.86
superconductor	63.71	83.4	47.06	68.89
superconductors	73.52	89.21	47.06	75.59
supercooled	54.89	68.07	52.95	54.89
superdeformed	53.53	66.19	52.95	54.89
superfluid	57.64	72.89	47.06	58.3
superfluidity	20.28	64.05	29.42	32.6
supergravity	49.29	65.98	47.06	50.59
superheavy	51.38	58.81	41.18	51.19
superlattice	47.96	72.91	58.83	48.58
superlattices	67.37	78.71	52.95	67.19
supernova	42.85	70.18	47.06	53.83
superposition	38.94	63.29	52.95	44.27
superstring	45.15	51.89	41.18	46.47
supersymmetric	66.44	75.95	64.71	73.81
supersymmetry	65.98	73.31	41.18	65.4
supported	32.32	53.12	64.71	42.82
suppressed	37.74	54.27	41.18	43.57
suppression	40.56	69.62	41.18	44.94
surface	66.24	90.52	58.83	80.91
surfaces	73.59	89.21	47.06	75.23
surfactant	39.51	59.35	64.71	39.77
susceptibilities	44.43	57	47.06	44.61
susceptibility	67.37	75.12	47.06	69.49
suspension	38.94	48.41	58.83	39.77
suspensions	56.41	63.12	64.71	56.52
swift	42.43	53.61	17.65	48.58
switching	38.94	63	58.83	50.99
symmetric	64.18	68.83	41.18	62.93
symmetries	38.94	63.61	47.06	44.61
symmetry	85.43	83.76	58.83	84.53
synchronization	52.6	75.03	82.36	59.35
synchrotron	68.41	61.67	47.06	67.35
synthesis	27.68	52.25	64.71	28.45
system	68.63	87.47	64.71	80.14
systematic	34.93	59.16	52.95	36.38
systematics	20.28	56.59	47.06	38.19
systems	79.46	93.35	64.71	86.78
ta	0	54.11	47.06	0
tail	30.21	46.8	29.42	29.62
tails	43.27	48.29	41.18	44.27
target	35.7	63.79	47.06	51.57
targets	47.39	67.29	58.83	55.32
tas	0	65.18	41.18	0
taylor	0	59.45	70.59	0
tb	20.28	63.4	23.53	24.04
tc	13.84	42.54	47.06	27.14
tcnq	0	61.79	94.12	0
te	0	68.62	58.83	0
technicolor	40.56	55.72	29.42	41.6
technique	35.7	58.09	41.18	55.87
techniques	29.01	55.69	47.06	47.57
teleportation	51.16	72.32	82.36	54.74
teller	0	67.87	35.3	0
temperature	84.04	86.41	58.83	83.12
temperatures	75.4	70.19	70.59	74.45
temporal	37.74	56.49	47.06	42.02
tension	58.4	55.01	41.18	58.07
tensor	58.99	64.41	58.83	62.7
terahertz	43.27	61.82	82.36	47.03
term	34.12	56.93	47.06	47.03
terminated	45.83	59.03	70.59	48.82
terms	29.01	59.65	35.3	47.83
ternary	42.85	57.4	11.77	47.57
test	41.05	65.8	64.71	50.79
testing	17.46	57.12	52.95	19.88
tests	29.01	60.14	58.83	38.74
tetracyanoquinodimethane	47.96	60.92	58.83	47.3
tetragonal	47.96	60.47	41.18	52.49
tetrahedral	38.94	56.02	41.18	42.02
tetrathiafulvalene	49.78	63.87	70.59	49.28
tev	0	72.67	35.3	0
tevatron	0	67.88	64.71	0
texture	22.57	53.58	47.06	36.38
textures	27.68	50.08	41.18	32.6
thallium	27.68	47.41	70.59	28.45
theorem	43.27	68.76	41.18	49.05
theorems	38.94	51.29	47.06	40.25
theoretic	42.43	51.64	52.95	42.43
theoretical	67.79	73.21	41.18	67.71
theories	80.58	79.01	41.18	80.96
theory	92.39	95.84	41.18	93.32
thermal	71.61	76.14	76.48	70.92
thermalization	17.46	56.81	23.53	32.6
thermally	46.48	54.92	52.95	45.58
thermodynamic	62.96	65.52	52.95	64.63
thermodynamics	42.85	69.94	47.06	49.51
thermoelectric	55.83	59.2	17.65	54.89
thermopower	30.21	57.03	41.18	33.46
thick	37.1	49.04	35.3	40.72
thickness	44.8	62.34	47.06	49.73
thin	94.18	84.41	52.95	94.79
third	54.06	60.92	58.83	55.18
thomas	0	55.67	41.18	0
thouless	0	61.73	70.59	0
threshold	70.68	73.02	52.95	73.03
thresholds	40.04	53.08	41.18	42.02
ti	0	66.48	23.53	0
tight	75.99	67.84	41.18	74.57
tilt	41.98	52.21	41.18	42.43
tilted	55.05	63.54	52.95	55.03
time	85.31	85.84	58.83	84.41
times	55.37	63.44	47.06	54.89
tin	58.88	63.79	58.83	57.73
tio	0	62.1	29.42	0
tip	34.12	60.83	47.06	47.57
titanium	30.21	54.11	35.3	36.38
tl	0	67.83	35.3	13.57
tm	0	53.33	64.71	0
tmtsf	0	63.73	47.06	0
tokamak	37.74	56.31	35.3	40.25
tomography	33.25	63.82	100	42.82
tool	26.2	49.57	35.3	30.7
top	74.75	78.73	58.83	74.48
topological	53.53	74.44	58.83	53.18
topology	39.51	55.33	70.59	40.25
toroidal	26.2	51.07	41.18	30.7
torque	46.48	65.88	64.71	55.32
torsion	31.31	52.05	29.42	39.77
torus	24.52	44.86	47.06	28.45
total	67.01	74.4	47.06	72.59
towards	22.57	57.79	76.48	24.04
trace	36.42	52.21	58.83	35.71
traffic	55.05	63.25	52.95	55.18
trajectories	38.94	61.72	47.06	46.47
trajectory	33.25	52.41	76.48	36.38
trans	57.11	66.07	41.18	56.39
transfer	78.99	76.73	41.18	78.21
transform	34.12	49.42	29.42	43.57
transformation	56.41	64.03	35.3	57.62
transformations	54.89	60.81	47.06	55.87
transient	44.8	64.12	52.95	48.58
transients	32.32	47.73	47.06	34.25
transistor	55.21	64.28	88.24	56.26
transistors	51.16	55.13	64.71	51.57
transition	96.41	92.83	70.59	95.87
transitions	91.92	86.74	58.83	90.95
translational	34.12	51.07	23.53	37.01
transmission	54.57	72.38	35.3	61.57
transparency	70.54	70.62	41.18	69.53
transport	80.02	88.76	35.3	80.44
transverse	65.22	74.82	41.18	67.03
trap	58.15	72.59	76.48	61.14
trapped	58.88	83.18	58.83	60.04
trapping	53.71	65.69	23.53	53.98
traps	41.05	70.25	47.06	43.57
traveling	56.27	64.13	64.71	56.39
treatment	43.67	64.06	41.18	54.44
tree	36.42	46.29	23.53	36.38
trends	31.31	50.89	29.42	32.6
triangular	69.37	70.96	64.71	68.85
tricritical	41.98	62.81	23.53	43.2
triple	39.51	61	35.3	41.17
triplet	50.72	65.69	47.06	53.18
tt	43.67	59.59	70.59	46.75
ttf	0	69.4	47.06	0
tube	52.79	54.27	35.3	51.76
tubes	44.43	50.61	35.3	43.93
tunable	29.01	67.7	52.95	42.02
tungsten	31.31	60.37	47.06	35
tuning	38.36	60.35	76.48	39.26
tunnel	73.52	72.93	29.42	72.59
tunneling	81.43	89.04	41.18	80.14
turbulence	53.35	66.77	47.06	58.3
turbulent	46.79	66.77	35.3	52.84
twin	47.39	60.11	52.95	46.47
twist	40.04	51.47	41.18	41.17
twisted	34.93	49.63	64.71	36.38
type	70.11	77.91	41.18	70.18
types	20.28	46.29	35.3	29.62
ultracold	54.73	73.84	88.24	58.41
ultrafast	43.67	66.64	88.24	45.26
ultrahigh	57.11	66.02	58.83	56.65
ultrarelativistic	55.05	67.1	64.71	61.32
ultrashort	56.56	68.46	70.59	60.7
ultrasonic	47.39	59.93	70.59	47.3
ultrathin	72.2	76.92	70.59	76.58
ultraviolet	50.94	56.69	35.3	50.79
uncertainty	43.27	60.87	5.89	43.57
unconventional	50.72	65.1	64.71	50.99
underdoped	49.78	68.7	82.36	50.59
understanding	13.84	50.03	58.83	19.88
undoped	39.51	54.01	41.18	48.33
uniaxial	59.11	58.77	47.06	58.52
unification	58.4	65.55	64.71	57.85
unified	61.52	67.04	41.18	60.33
uniform	52.2	58.69	17.65	58.94
unitarity	29.01	57.79	52.95	34.25
unitary	39.51	65.05	47.06	43.57
universal	45.83	77.49	64.71	51.76
universality	47.68	70.32	47.06	47.3
universe	48.51	71.4	35.3	48.58
universes	30.21	53.4	58.83	33.46
unoccupied	32.32	57.76	58.83	33.46
unstable	47.96	60.02	23.53	48.58
unusual	17.46	54.92	47.06	27.14
upper	62.26	65.72	58.83	61.91
upt	0	63.43	58.83	0
uranium	35.7	53.91	47.06	43.2
using	61.33	85.02	58.83	72.96
uv	34.12	48.52	52.95	37.01
vacancies	50.02	60.58	35.3	50.17
vacancy	48.78	67.14	41.18	54.89
vacuum	56.56	72.13	47.06	56.26
valence	70.77	74.16	41.18	70.47
validity	20.28	53.12	58.83	35
valley	34.93	57.94	11.77	37.01
value	38.36	50.13	58.83	39.26
values	26.2	54.3	47.06	34.25
van	74.78	63.14	47.06	73.42
vanadium	32.32	55.39	47.06	37.01
vanishing	13.84	50.42	29.42	22.13
vapor	56.41	61.03	35.3	59.15
variable	58.15	72.84	23.53	57.02
variables	41.05	66.48	41.18	43.2
variation	41.05	59.99	35.3	44.61
variational	52.98	68.88	47.06	55.03
variations	22.57	50.61	47.06	30.7
various	26.2	49.78	41.18	38.19
varying	46.79	52.86	52.95	47.03
vector	62.96	72.39	47.06	63.6
velocities	34.12	54.17	35.3	35.71
velocity	48.24	62.96	58.83	51.38
veneziano	0	52.05	64.71	0
verification	17.46	49.36	35.3	24.04
versus	43.27	74.7	58.83	60.7
vertex	41.53	61.64	41.18	47.83
vertical	55.05	62.07	47.06	54.89
vesicles	26.2	51.93	76.48	33.46
vi	8.73	57.87	35.3	17.12
via	55.52	82.14	52.95	67.77
vibration	33.25	53.33	17.65	35
vibrational	63.47	71.17	58.83	63.6
vibrations	45.5	59.86	41.18	45.58
vibronic	31.31	47.86	58.83	32.6
vicinal	58.4	64.17	64.71	59.45
vicinity	24.52	49.2	29.42	42.82
view	24.52	48.87	29.42	27.14
violating	62.71	70.82	41.18	62.7
violation	62.17	78.97	35.3	63.81
violations	29.01	51.68	41.18	28.45
virial	43.27	50.52	47.06	43.57
virtual	51.38	62.1	35.3	53.67
viscoelastic	32.32	45.53	64.71	32.6
viscosity	50.02	59.22	41.18	51.38
viscous	37.74	56.64	58.83	43.2
visible	37.74	51.64	35.3	44.27
vitreous	48.24	57.9	52.95	47.57
vo	0	58.2	11.77	0
voltage	54.06	67.83	41.18	56.9
volume	41.05	57.98	47.06	43.2
vortex	65.08	86.06	41.18	68.7
vortices	42.43	78.04	41.18	55.03
vy	32.32	53.98	70.59	39.26
waals	0	62.07	64.71	0
wake	41.53	55.27	52.95	42.82
walk	61.99	58.89	29.42	61.91
walks	64.93	62.95	47.06	65.71
wall	72.03	75.73	64.71	71.27
walled	71.04	77.1	82.36	70.1
walls	71.4	67.13	58.83	70.22
wannier	0	59.52	47.06	0
water	47.96	64.89	58.83	53.98
wave	85.6	87.62	52.95	85.64
waveguide	39.51	61.3	70.59	43.93
waveguides	45.5	60.2	64.71	49.28
wavelength	44.8	55.53	47.06	44.27
waves	73.44	81.99	47.06	73.75
weak	58.76	75.82	58.83	63.16
weakly	60.94	67.48	52.95	60.88
weight	50.94	55.1	41.18	50.17
weighted	40.56	58.83	52.95	45.26
wetting	40.56	65.16	82.36	42.43
white	46.16	51.84	29.42	49.05
wide	44.05	60.65	17.65	50.79
widths	47.09	51.84	64.71	48.82
wigner	0	73.28	29.42	0
wilson	0	63.97	23.53	0
wire	69.42	73.8	76.48	69.88
wires	80	81.92	58.83	79.46
world	60.84	68.67	82.36	60.04
wormholes	30.21	55.53	52.95	30.7
wurtzite	40.04	58.63	23.53	46.75
xe	0	62.28	47.06	0
xenon	45.5	62.13	41.18	48.33
xy	17.46	72.23	0	25.69
yan	0	57.61	76.48	0
yang	0	70.75	58.83	0
yb	0	55.91	52.95	0
yba	0	94.09	82.36	0
yield	37.74	51.93	58.83	43.2
yields	39.51	60.2	47.06	42.82
yrast	35.7	52.93	41.18	40.25
yttrium	51.59	53.61	76.48	55.87
yukawa	0	57.61	41.18	0
z	52	69.92	58.83	55.18
zeeman	0	65.7	58.83	0
zener	0	55.24	58.83	0
zeno	0	65.81	76.48	0
zero	64.86	76.29	41.18	65.89
zeros	29.01	52.52	47.06	33.46
zhang	0	54.27	47.06	0
zigzag	35.7	54.65	70.59	41.6
zinc	68.13	63.23	64.71	66.81
zn	0	70.8	41.18	0
zno	0	57.4	52.95	0
zns	0	54.46	41.18	0
znse	0	65.57	23.53	0
znte	0	51.34	17.65	0
zone	40.56	65.97	47.06	40.25
zr	0	60.87	52.95	0
