1 257136
2 60536
3 26157
4 14430
5 9396
6 6486
7 4921
8 3627
9 2842
10 2430
11 2056
12 1621
13 1497
14 1182
15 1074
16 987
17 800
18 746
19 683
20 603
21 588
22 499
23 503
24 410
25 363
26 369
27 331
28 332
29 297
30 283
31 280
32 246
33 235
34 221
35 173
36 197
37 159
38 165
39 156
40 164
41 144
42 132
43 128
44 147
45 133
46 129
47 108
48 92
49 111
50 87
51 111
52 93
53 69
54 96
55 74
56 74
57 71
58 80
59 76
60 68
61 53
62 66
63 50
64 59
65 59
66 68
67 50
68 52
69 46
70 50
71 48
72 42
73 40
74 40
75 38
76 30
77 34
78 34
79 33
80 31
81 27
82 41
83 29
84 33
85 32
86 27
87 30
88 25
89 36
90 25
91 26
92 28
93 20
94 20
95 27
96 25
97 29
98 27
99 17
100 22
101 21
102 29
103 23
104 20
105 16
106 20
107 16
108 14
109 25
110 14
111 16
112 17
113 26
114 16
115 19
116 15
117 16
118 13
119 21
120 13
121 15
122 17
123 12
124 20
125 15
126 9
127 21
128 15
129 11
130 13
131 12
132 15
133 15
134 16
135 11
136 11
137 3
138 12
139 15
140 5
141 18
142 10
143 11
144 10
145 9
146 7
147 11
148 7
149 11
150 11
151 15
152 13
153 11
154 11
155 5
156 6
157 4
158 8
159 6
160 8
161 5
162 8
163 4
164 10
165 6
166 8
167 6
168 6
169 9
170 4
171 10
172 9
173 10
174 7
175 9
176 11
177 3
178 9
179 5
180 4
181 5
182 5
183 1
184 6
185 5
186 6
187 13
188 8
189 5
190 5
191 10
192 6
193 8
194 1
195 4
196 5
197 2
198 6
199 4
200 1
201 5
202 1
203 2
204 5
205 5
206 3
207 6
208 9
209 5
210 4
211 6
212 3
213 5
214 5
215 4
216 3
217 1
218 3
219 4
220 7
221 1
222 5
223 4
224 3
225 3
226 5
228 3
229 2
230 3
231 1
232 2
233 3
234 4
235 5
236 4
237 3
238 3
239 5
240 5
241 3
242 3
243 3
244 4
245 3
246 2
247 1
248 5
249 3
250 1
251 3
252 2
253 4
254 2
255 6
256 6
258 3
259 4
260 2
261 6
262 3
263 2
264 3
265 3
266 5
268 4
269 2
270 2
271 5
272 4
273 5
274 1
275 4
276 3
277 1
278 1
279 6
280 5
281 4
282 4
283 2
284 3
285 2
286 1
287 3
288 3
289 2
291 5
293 3
294 2
295 4
296 3
297 2
298 1
299 3
301 1
302 2
303 1
304 4
305 4
306 3
307 3
309 3
310 2
313 3
315 3
316 1
318 2
319 2
320 2
321 4
322 1
323 4
324 1
325 1
326 2
327 1
328 1
330 1
331 2
332 2
333 4
334 1
335 2
337 1
339 4
340 1
341 2
344 1
346 1
347 2
348 1
349 2
350 6
351 2
352 3
353 1
354 3
355 1
356 1
357 3
358 1
359 1
360 1
361 2
362 1
364 1
366 1
367 1
369 2
371 3
372 3
373 1
374 2
376 4
377 2
378 1
382 1
383 1
384 1
386 2
387 3
388 2
391 1
393 2
394 2
395 1
396 3
397 3
399 2
402 1
405 1
406 1
407 1
409 1
410 2
411 2
413 1
414 1
415 3
416 1
417 1
418 1
419 1
420 1
421 2
422 3
425 1
427 2
431 1
432 1
433 1
434 1
435 1
437 1
438 2
441 2
442 1
448 1
449 2
454 1
455 1
456 2
457 1
458 1
461 3
462 3
464 1
465 1
467 1
469 2
471 2
473 1
474 3
475 2
476 2
478 2
481 1
483 1
484 1
486 2
488 1
489 2
491 1
496 3
499 1
501 1
502 1
503 3
505 2
506 1
508 2
510 1
512 1
513 2
519 1
520 3
521 2
522 2
523 1
526 1
527 1
529 1
530 1
532 1
533 1
534 1
537 1
540 1
541 2
542 2
545 1
546 1
547 1
548 1
554 1
557 1
562 1
564 1
570 1
571 1
573 1
577 1
579 1
581 1
582 1
583 1
588 1
596 1
598 1
599 2
604 1
608 1
610 1
616 1
622 1
623 4
624 1
629 1
638 1
641 2
643 1
644 1
645 1
648 1
649 1
651 2
655 1
656 1
657 1
658 1
659 1
660 2
663 1
672 1
676 1
678 1
679 1
687 1
689 2
692 1
693 1
705 1
707 2
723 2
724 1
726 1
732 1
733 1
738 1
739 1
759 1
763 1
771 1
775 1
785 1
790 1
798 1
813 1
819 1
820 1
832 1
836 1
837 1
838 1
848 2
858 1
866 1
881 2
893 1
898 1
911 1
913 1
917 1
929 1
932 1
940 1
943 1
946 1
948 1
952 1
956 1
961 1
989 1
990 1
1040 1
1046 1
1052 1
1055 1
1076 1
1084 1
1085 1
1116 1
1120 1
1125 1
1128 1
1131 1
1133 1
1136 1
1140 1
1162 1
1165 1
1174 1
1183 1
1197 1
1210 1
1223 1
1246 1
1253 1
1293 1
1326 1
1333 1
1345 1
1349 1
1359 1
1366 1
1412 1
1426 1
1439 1
1445 1
1477 1
1495 1
1501 1
1514 1
1542 1
1543 1
1579 1
1626 1
1640 1
1694 1
1779 1
1873 1
1874 1
1876 1
1949 1
1988 1
2005 1
2053 1
2081 2
2136 1
2243 1
2265 1
2317 2
2522 1
2628 1
2722 1
3093 1
3747 1
3814 1
4419 1
4532 1
