0.1 2399
1.1 7838
2.1 12679
3.1 16826
4.1 19684
5.1 22847
6.1 25510
7.1 27209
8.1 28910
9.1 30767
10.1 31854
11.1 32655
12.1 34159
13.1 34414
14.1 35043
15.1 35585
16.1 36150
17.1 36538
18.1 36745
19.1 36793
20.1 37369
21.1 37442
22.1 36964
23.1 37173
24.1 37041
25.1 37441
26.1 36839
27.1 37195
28.1 36813
29.1 36973
30.1 36793
31.1 36244
32.1 36303
33.1 36306
34.1 36054
35.1 35907
36.1 35362
37.1 35387
38.1 35454
39.1 35026
40.1 34614
41.1 34159
42.1 33832
43.1 33368
44.1 33524
45.1 33096
46.1 32563
47.1 32857
48.1 32774
49.1 32059
50.1 32033
51.1 31572
52.1 31210
53.1 31287
54.1 31124
55.1 30748
56.1 30371
57.1 30156
58.1 30015
59.1 29541
60.1 29385
61.1 28756
62.1 28072
63.1 28945
64.1 27602
65.1 28134
66.1 27449
67.1 27380
68.1 27206
69.1 26663
70.1 26648
71.1 26403
72.1 25979
73.1 25548
74.1 25666
75.1 25184
76.1 24737
77.1 24706
78.1 23854
79.1 23842
80.1 23564
81.1 23373
82.1 23139
83.1 22916
84.1 22419
85.1 22069
86.1 21887
87.1 21617
88.1 21506
89.1 21039
90.1 20898
91.1 20617
92.1 20366
93.1 20143
94.1 19994
95.1 19905
96.1 19231
97.1 19374
98.1 18856
99.1 18670
100.1 18429
101.1 18512
102.1 18172
103.1 17764
104.1 17733
105.1 17320
106.1 17109
107.1 16990
108.1 16507
109.1 16674
110.1 16259
111.1 16125
112.1 15843
113.1 15639
114.1 15336
115.1 15185
116.1 15242
117.1 14883
118.1 14703
119.1 14479
120.1 14157
121.1 14394
122.1 14092
123.1 13925
124.1 13791
125.1 13423
126.1 13618
127.1 13042
128.1 12746
129.1 12871
130.1 12707
131.1 12542
132.1 12220
133.1 12175
134.1 12038
135.1 11682
136.1 11647
137.1 11779
138.1 11287
139.1 11293
140.1 11134
141.1 11149
142.1 10966
143.1 10918
144.1 10470
145.1 10382
146.1 10159
147.1 10231
148.1 9968
149.1 9920
150.1 9672
151.1 9780
152.1 9782
153.1 9367
154.1 9630
155.1 9100
156.1 9356
157.1 8824
158.1 8793
159.1 8729
160.1 8905
161.1 8490
162.1 8587
163.1 8651
164.1 8549
165.1 8131
166.1 8103
167.1 8099
168.1 8132
169.1 7876
170.1 7696
171.1 7704
172.1 7559
173.1 7602
174.1 7419
175.1 7478
176.1 7336
177.1 7273
178.1 7142
179.1 7088
180.1 6988
181.1 7008
182.1 6709
183.1 6809
184.1 6593
185.1 6360
186.1 6428
187.1 6423
188.1 6654
189.1 6350
190.1 6167
191.1 6132
192.1 6223
193.1 6117
194.1 6053
195.1 5861
196.1 5884
197.1 5687
198.1 5743
199.1 5725
200.1 5762
201.1 5570
202.1 5431
203.1 5312
204.1 5422
205.1 5222
206.1 5361
207.1 5208
208.1 5110
209.1 5256
210.1 5150
211.1 4984
212.1 4961
213.1 5012
214.1 4917
215.1 4843
216.1 4838
217.1 4548
218.1 4638
219.1 4516
220.1 4454
221.1 4615
222.1 4634
223.1 4467
224.1 4555
225.1 4229
226.1 4311
227.1 4316
228.1 4121
229.1 4216
230.1 3976
231.1 4124
232.1 4086
233.1 4019
234.1 3915
235.1 3916
236.1 3845
237.1 3777
238.1 3776
239.1 3861
240.1 3931
241.1 3662
242.1 3741
243.1 3547
244.1 3558
245.1 3696
246.1 3521
247.1 3437
248.1 3357
249.1 3460
250.1 3300
251.1 3457
252.1 3350
253.1 3405
254.1 3206
255.1 3344
256.1 3144
257.1 3179
258.1 3076
259.1 3237
260.1 2990
261.1 3209
262.1 3099
263.1 2998
264.1 3103
265.1 3106
266.1 2800
267.1 3015
268.1 2848
269.1 2825
270.1 2916
271.1 2723
272.1 2852
273.1 2753
274.1 2695
275.1 2631
276.1 2642
277.1 2737
278.1 2584
279.1 2664
280.1 2550
281.1 2614
282.1 2702
283.1 2477
284.1 2500
285.1 2549
286.1 2464
287.1 2413
288.1 2464
289.1 2463
290.1 2391
291.1 2300
292.1 2406
293.1 2307
294.1 2312
295.1 2316
296.1 2244
297.1 2434
298.1 2279
299.1 2251
300.1 2228
301.1 2193
302.1 2218
303.1 2174
304.1 2180
305.1 2162
306.1 2116
307.1 2231
308.1 2063
309.1 2105
310.1 1999
311.1 2012
312.1 2082
313.1 2057
314.1 2014
315.1 2027
316.1 1973
317.1 2017
318.1 1891
319.1 2013
320.1 1882
321.1 1904
322.1 1871
323.1 1961
324.1 1760
325.1 1880
326.1 1795
327.1 1812
328.1 1818
329.1 1717
330.1 1843
331.1 1783
332.1 1765
333.1 1746
334.1 1804
335.1 1785
336.1 1707
337.1 1754
338.1 1675
339.1 1680
340.1 1698
341.1 1695
342.1 1638
343.1 1666
344.1 1705
345.1 1582
346.1 1619
347.1 1678
348.1 1658
349.1 1610
350.1 1576
351.1 1572
352.1 1517
353.1 1512
354.1 1494
355.1 1483
356.1 1481
357.1 1608
358.1 1528
359.1 1515
360.1 1492
361.1 1487
362.1 1528
363.1 1410
364.1 1526
365.1 1425
366.1 1423
367.1 1413
368.1 1356
369.1 1346
370.1 1410
371.1 1366
372.1 1367
373.1 1351
374.1 1276
375.1 1360
376.1 1365
377.1 1338
378.1 1266
379.1 1355
380.1 1375
381.1 1351
382.1 1228
383.1 1325
384.1 1292
385.1 1309
386.1 1293
387.1 1294
388.1 1239
389.1 1278
390.1 1239
391.1 1156
392.1 1267
393.1 1175
394.1 1187
395.1 1215
396.1 1249
397.1 1095
398.1 1147
399.1 1063
400.1 1195
401.1 1185
402.1 1171
403.1 1098
404.1 1138
405.1 1164
406.1 1118
407.1 1089
408.1 1102
409.1 1053
410.1 1084
411.1 1065
412.1 1088
413.1 1111
414.1 1047
415.1 1123
416.1 1025
417.1 1021
418.1 998
419.1 1020
420.1 1061
421.1 1032
422.1 1026
423.1 990
424.1 1004
425.1 931
426.1 1002
427.1 976
428.1 967
429.1 989
430.1 973
431.1 993
432.1 966
433.1 980
434.1 957
435.1 868
436.1 938
437.1 896
438.1 925
439.1 1002
440.1 888
441.1 875
442.1 974
443.1 835
444.1 918
445.1 918
446.1 928
447.1 877
448.1 847
449.1 934
450.1 863
451.1 874
452.1 892
453.1 827
454.1 830
455.1 873
456.1 826
457.1 837
458.1 748
459.1 906
460.1 802
461.1 824
462.1 857
463.1 816
464.1 788
465.1 767
466.1 855
467.1 759
468.1 822
469.1 812
470.1 717
471.1 807
472.1 769
473.1 811
474.1 780
475.1 779
476.1 818
477.1 719
478.1 774
479.1 722
480.1 790
481.1 749
482.1 698
483.1 713
484.1 779
485.1 717
486.1 694
487.1 770
488.1 726
489.1 685
490.1 713
491.1 746
492.1 699
493.1 637
494.1 648
495.1 727
496.1 698
497.1 620
498.1 681
499.1 712
500.1 644
501.1 664
502.1 657
503.1 649
504.1 678
505.1 668
506.1 658
507.1 601
508.1 581
509.1 625
510.1 673
511.1 635
512.1 652
513.1 617
514.1 670
515.1 557
516.1 616
517.1 585
518.1 604
519.1 606
520.1 562
521.1 620
522.1 668
523.1 544
524.1 608
525.1 589
526.1 583
527.1 602
528.1 583
529.1 593
530.1 560
531.1 558
532.1 561
533.1 523
534.1 534
535.1 551
536.1 534
537.1 545
538.1 560
539.1 572
540.1 533
541.1 530
542.1 526
543.1 534
544.1 547
545.1 529
546.1 511
547.1 510
548.1 534
549.1 545
550.1 516
551.1 536
552.1 558
553.1 523
554.1 516
555.1 524
556.1 525
557.1 521
558.1 514
559.1 505
560.1 514
561.1 508
562.1 520
563.1 454
564.1 527
565.1 540
566.1 490
567.1 479
568.1 500
569.1 523
570.1 484
571.1 492
572.1 485
573.1 528
574.1 478
575.1 415
576.1 466
577.1 483
578.1 430
579.1 466
580.1 397
581.1 444
582.1 434
583.1 447
584.1 445
585.1 472
586.1 454
587.1 388
588.1 427
589.1 478
590.1 412
591.1 435
592.1 440
593.1 421
594.1 412
595.1 429
596.1 408
597.1 430
598.1 413
599.1 421
600.1 429
601.1 426
602.1 410
603.1 427
604.1 419
605.1 427
606.1 433
607.1 418
608.1 406
609.1 428
610.1 387
611.1 420
612.1 402
613.1 405
614.1 410
615.1 401
616.1 361
617.1 387
618.1 441
619.1 439
620.1 391
621.1 383
622.1 403
623.1 361
624.1 405
625.1 345
626.1 371
627.1 367
628.1 355
629.1 378
630.1 362
631.1 393
632.1 349
633.1 372
634.1 330
635.1 371
636.1 373
637.1 354
638.1 361
639.1 315
640.1 398
641.1 352
642.1 356
643.1 344
644.1 346
645.1 387
646.1 362
647.1 342
648.1 331
649.1 364
650.1 337
651.1 405
652.1 381
653.1 333
654.1 379
655.1 346
656.1 343
657.1 342
658.1 350
659.1 359
660.1 311
661.1 332
662.1 386
663.1 353
664.1 365
665.1 357
666.1 319
667.1 323
668.1 338
669.1 341
670.1 336
671.1 318
672.1 307
673.1 318
674.1 321
675.1 310
676.1 305
677.1 324
678.1 302
679.1 321
680.1 315
681.1 313
682.1 281
683.1 324
684.1 300
685.1 305
686.1 320
687.1 302
688.1 312
689.1 331
690.1 304
691.1 267
692.1 305
693.1 294
694.1 302
695.1 308
696.1 293
697.1 292
698.1 283
699.1 303
700.1 282
701.1 242
702.1 242
703.1 278
704.1 288
705.1 258
706.1 291
707.1 254
708.1 300
709.1 265
710.1 304
711.1 302
712.1 273
713.1 245
714.1 310
715.1 310
716.1 278
717.1 280
718.1 247
719.1 266
720.1 272
721.1 291
722.1 258
723.1 283
724.1 261
725.1 266
726.1 264
727.1 280
728.1 250
729.1 239
730.1 234
731.1 249
732.1 285
733.1 251
734.1 268
735.1 263
736.1 244
737.1 272
738.1 297
739.1 225
740.1 223
741.1 237
742.1 266
743.1 241
744.1 257
745.1 256
746.1 220
747.1 246
748.1 260
749.1 212
750.1 256
751.1 249
752.1 235
753.1 233
754.1 274
755.1 230
756.1 228
757.1 230
758.1 228
759.1 235
760.1 263
761.1 236
762.1 214
763.1 249
764.1 269
765.1 211
766.1 266
767.1 239
768.1 205
769.1 244
770.1 209
771.1 201
772.1 260
773.1 225
774.1 214
775.1 223
776.1 205
777.1 201
778.1 238
779.1 221
780.1 197
781.1 209
782.1 214
783.1 221
784.1 236
785.1 201
786.1 207
787.1 237
788.1 217
789.1 209
790.1 219
791.1 190
792.1 210
793.1 204
794.1 216
795.1 210
796.1 197
797.1 210
798.1 201
799.1 180
800.1 225
801.1 187
802.1 198
803.1 235
804.1 219
805.1 196
806.1 197
807.1 207
808.1 190
809.1 205
810.1 188
811.1 157
812.1 207
813.1 210
814.1 209
815.1 202
816.1 206
817.1 224
818.1 224
819.1 201
820.1 195
821.1 166
822.1 209
823.1 173
824.1 222
825.1 173
826.1 203
827.1 196
828.1 167
829.1 166
830.1 185
831.1 177
832.1 190
833.1 185
834.1 193
835.1 183
836.1 206
837.1 191
838.1 180
839.1 149
840.1 172
841.1 179
842.1 206
843.1 192
844.1 188
845.1 177
846.1 187
847.1 172
848.1 193
849.1 189
850.1 183
851.1 198
852.1 150
853.1 177
854.1 200
855.1 174
856.1 168
857.1 153
858.1 173
859.1 179
860.1 187
861.1 168
862.1 164
863.1 177
864.1 160
865.1 161
866.1 182
867.1 170
868.1 157
869.1 181
870.1 174
871.1 157
872.1 162
873.1 177
874.1 170
875.1 173
876.1 172
877.1 200
878.1 148
879.1 173
880.1 140
881.1 159
882.1 142
883.1 166
884.1 173
885.1 169
886.1 171
887.1 161
888.1 183
889.1 144
890.1 152
891.1 145
892.1 143
893.1 163
894.1 144
895.1 138
896.1 158
897.1 140
898.1 162
899.1 140
900.1 167
901.1 130
902.1 158
903.1 166
904.1 146
905.1 153
906.1 155
907.1 145
908.1 135
909.1 152
910.1 120
911.1 166
912.1 130
913.1 154
914.1 115
915.1 137
916.1 119
917.1 149
918.1 143
919.1 149
920.1 143
921.1 145
922.1 132
923.1 167
924.1 139
925.1 165
926.1 150
927.1 159
928.1 131
929.1 139
930.1 152
931.1 124
932.1 133
933.1 139
934.1 134
935.1 151
936.1 120
937.1 131
938.1 125
939.1 147
940.1 133
941.1 145
942.1 144
943.1 148
944.1 129
945.1 127
946.1 146
947.1 128
948.1 161
949.1 123
950.1 149
951.1 116
952.1 102
953.1 157
954.1 120
955.1 117
956.1 132
957.1 145
958.1 118
959.1 111
960.1 122
961.1 130
962.1 128
963.1 126
964.1 150
965.1 129
966.1 118
967.1 143
968.1 133
969.1 141
970.1 151
971.1 142
972.1 134
973.1 122
974.1 137
975.1 129
976.1 141
977.1 143
978.1 115
979.1 126
980.1 114
981.1 113
982.1 130
983.1 123
984.1 124
985.1 126
986.1 118
987.1 115
988.1 133
989.1 141
990.1 129
991.1 122
992.1 118
993.1 131
994.1 119
995.1 130
996.1 108
997.1 125
998.1 109
999.1 133
1000.1 123
1001.1 109
1002.1 136
1003.1 104
1004.1 110
1005.1 132
1006.1 116
1007.1 114
1008.1 121
1009.1 100
1010.1 119
1011.1 109
1012.1 118
1013.1 92
1014.1 98
1015.1 115
1016.1 128
1017.1 124
1018.1 135
1019.1 120
1020.1 105
1021.1 121
1022.1 88
1023.1 121
1024.1 90
1025.1 134
1026.1 108
1027.1 102
1028.1 112
1029.1 107
1030.1 103
1031.1 97
1032.1 100
1033.1 110
1034.1 89
1035.1 113
1036.1 103
1037.1 119
1038.1 104
1039.1 93
1040.1 83
1041.1 117
1042.1 113
1043.1 109
1044.1 111
1045.1 111
1046.1 111
1047.1 102
1048.1 118
1049.1 95
1050.1 90
1051.1 95
1052.1 104
1053.1 111
1054.1 104
1055.1 99
1056.1 95
1057.1 89
1058.1 106
1059.1 93
1060.1 91
1061.1 98
1062.1 94
1063.1 75
1064.1 78
1065.1 103
1066.1 114
1067.1 110
1068.1 89
1069.1 81
1070.1 90
1071.1 107
1072.1 101
1073.1 92
1074.1 103
1075.1 76
1076.1 105
1077.1 96
1078.1 86
1079.1 90
1080.1 97
1081.1 91
1082.1 102
1083.1 98
1084.1 82
1085.1 85
1086.1 117
1087.1 103
1088.1 83
1089.1 104
1090.1 108
1091.1 112
1092.1 90
1093.1 85
1094.1 95
1095.1 71
1096.1 90
1097.1 92
1098.1 89
1099.1 93
1100.1 95
1101.1 101
1102.1 88
1103.1 103
1104.1 77
1105.1 89
1106.1 113
1107.1 86
1108.1 93
1109.1 103
1110.1 101
1111.1 73
1112.1 106
1113.1 80
1114.1 85
1115.1 95
1116.1 88
1117.1 83
1118.1 103
1119.1 78
1120.1 85
1121.1 77
1122.1 104
1123.1 111
1124.1 88
1125.1 103
1126.1 100
1127.1 87
1128.1 71
1129.1 69
1130.1 78
1131.1 81
1132.1 77
1133.1 75
1134.1 76
1135.1 79
1136.1 84
1137.1 68
1138.1 92
1139.1 83
1140.1 88
1141.1 83
1142.1 75
1143.1 94
1144.1 97
1145.1 82
1146.1 75
1147.1 97
1148.1 72
1149.1 79
1150.1 91
1151.1 80
1152.1 75
1153.1 89
1154.1 90
1155.1 74
1156.1 84
1157.1 74
1158.1 86
1159.1 71
1160.1 72
1161.1 66
1162.1 77
1163.1 72
1164.1 95
1165.1 61
1166.1 88
1167.1 93
1168.1 91
1169.1 78
1170.1 87
1171.1 81
1172.1 75
1173.1 99
1174.1 96
1175.1 63
1176.1 80
1177.1 82
1178.1 91
1179.1 85
1180.1 79
1181.1 84
1182.1 89
1183.1 78
1184.1 71
1185.1 81
1186.1 75
1187.1 85
1188.1 89
1189.1 76
1190.1 83
1191.1 65
1192.1 90
1193.1 81
1194.1 79
1195.1 93
1196.1 67
1197.1 81
1198.1 73
1199.1 66
1200.1 78
1201.1 81
1202.1 81
1203.1 79
1204.1 67
1205.1 78
1206.1 63
1207.1 67
1208.1 75
1209.1 75
1210.1 72
1211.1 79
1212.1 80
1213.1 64
1214.1 88
1215.1 69
1216.1 79
1217.1 59
1218.1 53
1219.1 86
1220.1 86
1221.1 68
1222.1 73
1223.1 77
1224.1 76
1225.1 71
1226.1 63
1227.1 80
1228.1 58
1229.1 80
1230.1 76
1231.1 79
1232.1 67
1233.1 70
1234.1 58
1235.1 55
1236.1 81
1237.1 63
1238.1 62
1239.1 74
1240.1 67
1241.1 74
1242.1 66
1243.1 72
1244.1 52
1245.1 72
1246.1 57
1247.1 78
1248.1 76
1249.1 61
1250.1 68
1251.1 85
1252.1 69
1253.1 72
1254.1 69
1255.1 74
1256.1 48
1257.1 65
1258.1 82
1259.1 72
1260.1 62
1261.1 37
1262.1 70
1263.1 63
1264.1 69
1265.1 54
1266.1 69
1267.1 66
1268.1 60
1269.1 56
1270.1 56
1271.1 64
1272.1 65
1273.1 60
1274.1 70
1275.1 74
1276.1 60
1277.1 72
1278.1 39
1279.1 60
1280.1 67
1281.1 56
1282.1 53
1283.1 59
1284.1 68
1285.1 64
1286.1 67
1287.1 74
1288.1 63
1289.1 52
1290.1 64
1291.1 55
1292.1 49
1293.1 69
1294.1 53
1295.1 64
1296.1 53
1297.1 59
1298.1 49
1299.1 63
1300.1 63
1301.1 56
1302.1 67
1303.1 67
1304.1 45
1305.1 53
1306.1 60
1307.1 69
1308.1 72
1309.1 69
1310.1 75
1311.1 60
1312.1 63
1313.1 56
1314.1 67
1315.1 59
1316.1 56
1317.1 53
1318.1 59
1319.1 56
1320.1 49
1321.1 51
1322.1 54
1323.1 38
1324.1 59
1325.1 58
1326.1 49
1327.1 53
1328.1 65
1329.1 58
1330.1 51
1331.1 52
1332.1 65
1333.1 52
1334.1 51
1335.1 59
1336.1 45
1337.1 61
1338.1 62
1339.1 42
1340.1 45
1341.1 48
1342.1 50
1343.1 49
1344.1 60
1345.1 42
1346.1 54
1347.1 40
1348.1 60
1349.1 65
1350.1 51
1351.1 66
1352.1 64
1353.1 55
1354.1 56
1355.1 61
1356.1 49
1357.1 61
1358.1 50
1359.1 46
1360.1 42
1361.1 49
1362.1 53
1363.1 42
1364.1 60
1365.1 48
1366.1 52
1367.1 70
1368.1 63
1369.1 56
1370.1 49
1371.1 47
1372.1 60
1373.1 60
1374.1 55
1375.1 58
1376.1 46
1377.1 56
1378.1 43
1379.1 43
1380.1 52
1381.1 45
1382.1 54
1383.1 68
1384.1 63
1385.1 57
1386.1 45
1387.1 46
1388.1 42
1389.1 41
1390.1 61
1391.1 54
1392.1 48
1393.1 51
1394.1 52
1395.1 58
1396.1 57
1397.1 54
1398.1 41
1399.1 42
1400.1 50
1401.1 43
1402.1 45
1403.1 56
1404.1 46
1405.1 51
1406.1 41
1407.1 36
1408.1 55
1409.1 49
1410.1 62
1411.1 48
1412.1 40
1413.1 38
1414.1 47
1415.1 47
1416.1 57
1417.1 52
1418.1 44
1419.1 57
1420.1 37
1421.1 54
1422.1 49
1423.1 47
1424.1 60
1425.1 47
1426.1 55
1427.1 46
1428.1 43
1429.1 49
1430.1 56
1431.1 51
1432.1 45
1433.1 42
1434.1 34
1435.1 40
1436.1 44
1437.1 33
1438.1 35
1439.1 37
1440.1 45
1441.1 54
1442.1 39
1443.1 51
1444.1 52
1445.1 33
1446.1 44
1447.1 43
1448.1 32
1449.1 48
1450.1 39
1451.1 40
1452.1 42
1453.1 31
1454.1 42
1455.1 51
1456.1 33
1457.1 54
1458.1 37
1459.1 57
1460.1 45
1461.1 44
1462.1 55
1463.1 44
1464.1 53
1465.1 41
1466.1 34
1467.1 41
1468.1 43
1469.1 42
1470.1 39
1471.1 34
1472.1 56
1473.1 42
1474.1 48
1475.1 44
1476.1 61
1477.1 46
1478.1 42
1479.1 44
1480.1 39
1481.1 46
1482.1 37
1483.1 50
1484.1 28
1485.1 50
1486.1 43
1487.1 41
1488.1 33
1489.1 43
1490.1 41
1491.1 44
1492.1 39
1493.1 39
1494.1 40
1495.1 48
1496.1 35
1497.1 40
1498.1 50
1499.1 43
1500.1 44
1501.1 40
1502.1 44
1503.1 49
1504.1 45
1505.1 35
1506.1 30
1507.1 44
1508.1 45
1509.1 41
1510.1 39
1511.1 35
1512.1 42
1513.1 35
1514.1 43
1515.1 50
1516.1 38
1517.1 38
1518.1 46
1519.1 39
1520.1 41
1521.1 36
1522.1 32
1523.1 40
1524.1 41
1525.1 22
1526.1 30
1527.1 42
1528.1 36
1529.1 38
1530.1 38
1531.1 41
1532.1 53
1533.1 27
1534.1 31
1535.1 34
1536.1 34
1537.1 42
1538.1 56
1539.1 42
1540.1 32
1541.1 44
1542.1 39
1543.1 33
1544.1 44
1545.1 39
1546.1 47
1547.1 27
1548.1 37
1549.1 49
1550.1 39
1551.1 40
1552.1 37
1553.1 44
1554.1 30
1555.1 40
1556.1 41
1557.1 41
1558.1 27
1559.1 31
1560.1 38
1561.1 58
1562.1 39
1563.1 23
1564.1 32
1565.1 42
1566.1 34
1567.1 46
1568.1 47
1569.1 39
1570.1 31
1571.1 34
1572.1 49
1573.1 27
1574.1 30
1575.1 40
1576.1 37
1577.1 39
1578.1 31
1579.1 44
1580.1 38
1581.1 36
1582.1 39
1583.1 27
1584.1 50
1585.1 43
1586.1 20
1587.1 41
1588.1 35
1589.1 42
1590.1 35
1591.1 36
1592.1 33
1593.1 49
1594.1 34
1595.1 34
1596.1 36
1597.1 42
1598.1 31
1599.1 32
1600.1 22
1601.1 55
1602.1 34
1603.1 39
1604.1 38
1605.1 38
1606.1 41
1607.1 26
1608.1 34
1609.1 30
1610.1 31
1611.1 34
1612.1 39
1613.1 38
1614.1 33
1615.1 34
1616.1 37
1617.1 24
1618.1 40
1619.1 44
1620.1 30
1621.1 31
1622.1 37
1623.1 23
1624.1 35
1625.1 37
1626.1 30
1627.1 33
1628.1 37
1629.1 29
1630.1 32
1631.1 41
1632.1 32
1633.1 26
1634.1 28
1635.1 37
1636.1 46
1637.1 38
1638.1 24
1639.1 32
1640.1 37
1641.1 30
1642.1 35
1643.1 26
1644.1 26
1645.1 18
1646.1 48
1647.1 32
1648.1 34
1649.1 15
1650.1 30
1651.1 36
1652.1 30
1653.1 27
1654.1 38
1655.1 43
1656.1 40
1657.1 28
1658.1 31
1659.1 19
1660.1 36
1661.1 22
1662.1 30
1663.1 38
1664.1 28
1665.1 35
1666.1 19
1667.1 28
1668.1 35
1669.1 31
1670.1 34
1671.1 20
1672.1 31
1673.1 27
1674.1 40
1675.1 35
1676.1 32
1677.1 33
1678.1 23
1679.1 39
1680.1 25
1681.1 27
1682.1 25
1683.1 37
1684.1 38
1685.1 36
1686.1 22
1687.1 35
1688.1 27
1689.1 33
1690.1 24
1691.1 29
1692.1 31
1693.1 34
1694.1 24
1695.1 32
1696.1 27
1697.1 36
1698.1 18
1699.1 17
1700.1 26
1701.1 21
1702.1 30
1703.1 27
1704.1 25
1705.1 31
1706.1 19
1707.1 38
1708.1 25
1709.1 29
1710.1 25
1711.1 25
1712.1 26
1713.1 33
1714.1 26
1715.1 36
1716.1 34
1717.1 20
1718.1 29
1719.1 29
1720.1 43
1721.1 38
1722.1 20
1723.1 22
1724.1 29
1725.1 25
1726.1 19
1727.1 34
1728.1 30
1729.1 25
1730.1 26
1731.1 25
1732.1 25
1733.1 26
1734.1 30
1735.1 23
1736.1 24
1737.1 40
1738.1 29
1739.1 25
1740.1 26
1741.1 25
1742.1 30
1743.1 32
1744.1 20
1745.1 34
1746.1 34
1747.1 27
1748.1 24
1749.1 28
1750.1 26
1751.1 23
1752.1 36
1753.1 22
1754.1 29
1755.1 23
1756.1 16
1757.1 25
1758.1 37
1759.1 31
1760.1 30
1761.1 27
1762.1 17
1763.1 17
1764.1 28
1765.1 38
1766.1 24
1767.1 29
1768.1 24
1769.1 21
1770.1 22
1771.1 28
1772.1 36
1773.1 32
1774.1 23
1775.1 21
1776.1 26
1777.1 23
1778.1 32
1779.1 24
1780.1 21
1781.1 29
1782.1 22
1783.1 26
1784.1 29
1785.1 32
1786.1 28
1787.1 32
1788.1 28
1789.1 20
1790.1 28
1791.1 24
1792.1 23
1793.1 25
1794.1 26
1795.1 18
1796.1 29
1797.1 30
1798.1 20
1799.1 28
1800.1 27
1801.1 33
1802.1 18
1803.1 25
1804.1 25
1805.1 17
1806.1 28
1807.1 26
1808.1 36
1809.1 28
1810.1 18
1811.1 29
1812.1 22
1813.1 24
1814.1 30
1815.1 22
1816.1 18
1817.1 13
1818.1 29
1819.1 16
1820.1 18
1821.1 35
1822.1 21
1823.1 27
1824.1 19
1825.1 22
1826.1 23
1827.1 24
1828.1 30
1829.1 21
1830.1 19
1831.1 19
1832.1 24
1833.1 36
1834.1 14
1835.1 26
1836.1 26
1837.1 18
1838.1 21
1839.1 28
1840.1 20
1841.1 27
1842.1 19
1843.1 15
1844.1 33
1845.1 27
1846.1 25
1847.1 20
1848.1 28
1849.1 25
1850.1 18
1851.1 25
1852.1 25
1853.1 25
1854.1 21
1855.1 21
1856.1 22
1857.1 15
1858.1 18
1859.1 38
1860.1 25
1861.1 27
1862.1 25
1863.1 25
1864.1 28
1865.1 21
1866.1 23
1867.1 28
1868.1 28
1869.1 14
1870.1 25
1871.1 21
1872.1 20
1873.1 24
1874.1 16
1875.1 25
1876.1 16
1877.1 19
1878.1 23
1879.1 26
1880.1 22
1881.1 28
1882.1 22
1883.1 24
1884.1 28
1885.1 26
1886.1 22
1887.1 25
1888.1 15
1889.1 20
1890.1 28
1891.1 18
1892.1 17
1893.1 38
1894.1 25
1895.1 17
1896.1 11
1897.1 18
1898.1 22
1899.1 30
1900.1 14
1901.1 23
1902.1 22
1903.1 14
1904.1 22
1905.1 12
1906.1 21
1907.1 14
1908.1 23
1909.1 11
1910.1 18
1911.1 31
1912.1 26
1913.1 22
1914.1 18
1915.1 26
1916.1 19
1917.1 16
1918.1 23
1919.1 17
1920.1 25
1921.1 17
1922.1 21
1923.1 18
1924.1 22
1925.1 28
1926.1 27
1927.1 20
1928.1 21
1929.1 21
1930.1 14
1931.1 24
1932.1 17
1933.1 16
1934.1 22
1935.1 19
1936.1 16
1937.1 26
1938.1 20
1939.1 17
1940.1 22
1941.1 24
1942.1 17
1943.1 19
1944.1 18
1945.1 19
1946.1 20
1947.1 12
1948.1 18
1949.1 34
1950.1 27
1951.1 15
1952.1 23
1953.1 16
1954.1 15
1955.1 20
1956.1 10
1957.1 18
1958.1 29
1959.1 34
1960.1 17
1961.1 20
1962.1 27
1963.1 19
1964.1 23
1965.1 22
1966.1 31
1967.1 20
1968.1 29
1969.1 20
1970.1 26
1971.1 18
1972.1 15
1973.1 18
1974.1 18
1975.1 16
1976.1 11
1977.1 19
1978.1 22
1979.1 19
1980.1 14
1981.1 17
1982.1 19
1983.1 15
1984.1 25
1985.1 13
1986.1 19
1987.1 17
1988.1 20
1989.1 18
1990.1 13
1991.1 21
1992.1 18
1993.1 24
1994.1 21
1995.1 18
1996.1 25
1997.1 21
1998.1 19
1999.1 25
2000.1 13
2001.1 31
2002.1 20
2003.1 22
2004.1 17
2005.1 27
2006.1 20
2007.1 17
2008.1 12
2009.1 20
2010.1 22
2011.1 24
2012.1 23
2013.1 13
2014.1 11
2015.1 20
2016.1 12
2017.1 20
2018.1 19
2019.1 16
2020.1 22
2021.1 19
2022.1 18
2023.1 16
2024.1 27
2025.1 19
2026.1 22
2027.1 20
2028.1 18
2029.1 19
2030.1 20
2031.1 17
2032.1 11
2033.1 29
2034.1 11
2035.1 24
2036.1 14
2037.1 19
2038.1 17
2039.1 20
2040.1 20
2041.1 27
2042.1 23
2043.1 26
2044.1 20
2045.1 16
2046.1 17
2047.1 15
2048.1 11
2049.1 14
2050.1 20
2051.1 25
2052.1 13
2053.1 22
2054.1 16
2055.1 24
2056.1 15
2057.1 12
2058.1 20
2059.1 18
2060.1 19
2061.1 15
2062.1 14
2063.1 18
2064.1 18
2065.1 19
2066.1 20
2067.1 27
2068.1 11
2069.1 21
2070.1 13
2071.1 19
2072.1 17
2073.1 20
2074.1 16
2075.1 26
2076.1 27
2077.1 10
2078.1 17
2079.1 24
2080.1 15
2081.1 20
2082.1 12
2083.1 17
2084.1 19
2085.1 10
2086.1 15
2087.1 14
2088.1 17
2089.1 14
2090.1 18
2091.1 21
2092.1 12
2093.1 14
2094.1 9
2095.1 16
2096.1 15
2097.1 17
2098.1 15
2099.1 16
2100.1 16
2101.1 13
2102.1 10
2103.1 24
2104.1 11
2105.1 15
2106.1 10
2107.1 14
2108.1 19
2109.1 15
2110.1 13
2111.1 23
2112.1 25
2113.1 16
2114.1 19
2115.1 13
2116.1 18
2117.1 18
2118.1 14
2119.1 10
2120.1 15
2121.1 21
2122.1 12
2123.1 20
2124.1 15
2125.1 15
2126.1 17
2127.1 19
2128.1 19
2129.1 8
2130.1 9
2131.1 20
2132.1 15
2133.1 17
2134.1 16
2135.1 13
2136.1 19
2137.1 15
2138.1 12
2139.1 18
2140.1 22
2141.1 14
2142.1 18
2143.1 10
2144.1 15
2145.1 16
2146.1 11
2147.1 19
2148.1 16
2149.1 18
2150.1 17
2151.1 9
2152.1 9
2153.1 27
2154.1 11
2155.1 11
2156.1 10
2157.1 13
2158.1 15
2159.1 15
2160.1 14
2161.1 8
2162.1 11
2163.1 12
2164.1 10
2165.1 11
2166.1 12
2167.1 17
2168.1 15
2169.1 20
2170.1 13
2171.1 14
2172.1 21
2173.1 24
2174.1 16
2175.1 8
2176.1 12
2177.1 9
2178.1 11
2179.1 14
2180.1 18
2181.1 14
2182.1 21
2183.1 15
2184.1 11
2185.1 24
2186.1 18
2187.1 16
2188.1 19
2189.1 15
2190.1 8
2191.1 11
2192.1 14
2193.1 18
2194.1 13
2195.1 16
2196.1 22
2197.1 23
2198.1 13
2199.1 12
2200.1 7
2201.1 9
2202.1 15
2203.1 9
2204.1 22
2205.1 13
2206.1 14
2207.1 9
2208.1 17
2209.1 16
2210.1 9
2211.1 16
2212.1 12
2213.1 13
2214.1 15
2215.1 8
2216.1 12
2217.1 15
2218.1 14
2219.1 10
2220.1 10
2221.1 7
2222.1 13
2223.1 11
2224.1 15
2225.1 15
2226.1 12
2227.1 15
2228.1 7
2229.1 12
2230.1 18
2231.1 10
2232.1 10
2233.1 12
2234.1 13
2235.1 11
2236.1 12
2237.1 13
2238.1 9
2239.1 14
2240.1 10
2241.1 21
2242.1 15
2243.1 11
2244.1 9
2245.1 14
2246.1 14
2247.1 15
2248.1 16
2249.1 16
2250.1 16
2251.1 14
2252.1 19
2253.1 14
2254.1 12
2255.1 18
2256.1 17
2257.1 13
2258.1 15
2259.1 11
2260.1 14
2261.1 17
2262.1 18
2263.1 11
2264.1 20
2265.1 13
2266.1 12
2267.1 11
2268.1 16
2269.1 16
2270.1 17
2271.1 4
2272.1 15
2273.1 12
2274.1 10
2275.1 22
2276.1 17
2277.1 15
2278.1 15
2279.1 8
2280.1 10
2281.1 7
2282.1 9
2283.1 13
2284.1 8
2285.1 15
2286.1 18
2287.1 8
2288.1 10
2289.1 11
2290.1 8
2291.1 11
2292.1 10
2293.1 13
2294.1 15
2295.1 20
2296.1 10
2297.1 6
2298.1 17
2299.1 17
2300.1 14
2301.1 15
2302.1 15
2303.1 6
2304.1 15
2305.1 18
2306.1 15
2307.1 10
2308.1 14
2309.1 18
2310.1 11
2311.1 15
2312.1 19
2313.1 13
2314.1 12
2315.1 15
2316.1 13
2317.1 18
2318.1 9
2319.1 23
2320.1 15
2321.1 13
2322.1 10
2323.1 20
2324.1 19
2325.1 16
2326.1 9
2327.1 17
2328.1 7
2329.1 14
2330.1 13
2331.1 8
2332.1 14
2333.1 14
2334.1 19
2335.1 11
2336.1 11
2337.1 21
2338.1 17
2339.1 10
2340.1 10
2341.1 13
2342.1 12
2343.1 9
2344.1 19
2345.1 6
2346.1 14
2347.1 21
2348.1 13
2349.1 13
2350.1 16
2351.1 8
2352.1 11
2353.1 15
2354.1 6
2355.1 15
2356.1 11
2357.1 11
2358.1 12
2359.1 13
2360.1 9
2361.1 10
2362.1 14
2363.1 27
2364.1 12
2365.1 10
2366.1 12
2367.1 11
2368.1 13
2369.1 15
2370.1 8
2371.1 20
2372.1 6
2373.1 17
2374.1 9
2375.1 9
2376.1 17
2377.1 13
2378.1 7
2379.1 10
2380.1 9
2381.1 9
2382.1 14
2383.1 12
2384.1 12
2385.1 9
2386.1 11
2387.1 8
2388.1 8
2389.1 9
2390.1 16
2391.1 17
2392.1 11
2393.1 16
2394.1 7
2395.1 21
2396.1 9
2397.1 14
2398.1 7
2399.1 9
2400.1 8
2401.1 11
2402.1 8
2403.1 11
2404.1 13
2405.1 9
2406.1 12
2407.1 14
2408.1 14
2409.1 10
2410.1 20
2411.1 18
2412.1 13
2413.1 8
2414.1 9
2415.1 13
2416.1 11
2417.1 20
2418.1 14
2419.1 13
2420.1 11
2421.1 10
2422.1 10
2423.1 10
2424.1 15
2425.1 14
2426.1 7
2427.1 7
2428.1 6
2429.1 15
2430.1 14
2431.1 8
2432.1 6
2433.1 16
2434.1 17
2435.1 13
2436.1 7
2437.1 11
2438.1 10
2439.1 13
2440.1 10
2441.1 8
2442.1 13
2443.1 16
2444.1 8
2445.1 10
2446.1 14
2447.1 10
2448.1 11
2449.1 11
2450.1 6
2451.1 12
2452.1 14
2453.1 12
2454.1 10
2455.1 9
2456.1 9
2457.1 10
2458.1 6
2459.1 6
2460.1 14
2461.1 12
2462.1 18
2463.1 9
2464.1 10
2465.1 13
2466.1 9
2467.1 10
2468.1 15
2469.1 6
2470.1 12
2471.1 12
2472.1 6
2473.1 8
2474.1 12
2475.1 8
2476.1 16
2477.1 7
2478.1 13
2479.1 8
2480.1 7
2481.1 9
2482.1 9
2483.1 12
2484.1 9
2485.1 15
2486.1 10
2487.1 13
2488.1 17
2489.1 12
2490.1 10
2491.1 16
2492.1 10
2493.1 10
2494.1 6
2495.1 8
2496.1 16
2497.1 15
2498.1 6
2499.1 11
2500.1 10
2501.1 11
2502.1 9
2503.1 12
2504.1 9
2505.1 5
2506.1 12
2507.1 9
2508.1 9
2509.1 7
2510.1 9
2511.1 7
2512.1 11
2513.1 8
2514.1 8
2515.1 12
2516.1 12
2517.1 7
2518.1 8
2519.1 11
2520.1 8
2521.1 9
2522.1 14
2523.1 7
2524.1 9
2525.1 14
2526.1 14
2527.1 8
2528.1 6
2529.1 10
2530.1 14
2531.1 12
2532.1 14
2533.1 10
2534.1 6
2535.1 10
2536.1 9
2537.1 10
2538.1 18
2539.1 5
2540.1 19
2541.1 8
2542.1 7
2543.1 8
2544.1 11
2545.1 11
2546.1 10
2547.1 12
2548.1 8
2549.1 11
2550.1 11
2551.1 5
2552.1 7
2553.1 7
2554.1 15
2555.1 12
2556.1 10
2557.1 10
2558.1 8
2559.1 8
2560.1 13
2561.1 7
2562.1 9
2563.1 14
2564.1 13
2565.1 8
2566.1 13
2567.1 8
2568.1 10
2569.1 8
2570.1 15
2571.1 5
2572.1 13
2573.1 9
2574.1 8
2575.1 14
2576.1 15
2577.1 11
2578.1 9
2579.1 13
2580.1 16
2581.1 9
2582.1 14
2583.1 4
2584.1 12
2585.1 11
2586.1 14
2587.1 8
2588.1 10
2589.1 8
2590.1 13
2591.1 8
2592.1 11
2593.1 18
2594.1 12
2595.1 8
2596.1 6
2597.1 6
2598.1 8
2599.1 13
2600.1 11
2601.1 11
2602.1 11
2603.1 13
2604.1 11
2605.1 7
2606.1 11
2607.1 11
2608.1 9
2609.1 13
2610.1 4
2611.1 13
2612.1 18
2613.1 3
2614.1 12
2615.1 14
2616.1 13
2617.1 10
2618.1 13
2619.1 7
2620.1 6
2621.1 13
2622.1 13
2623.1 9
2624.1 7
2625.1 6
2626.1 10
2627.1 6
2628.1 8
2629.1 11
2630.1 11
2631.1 8
2632.1 9
2633.1 4
2634.1 8
2635.1 13
2636.1 8
2637.1 10
2638.1 14
2639.1 6
2640.1 6
2641.1 10
2642.1 8
2643.1 15
2644.1 13
2645.1 9
2646.1 12
2647.1 14
2648.1 13
2649.1 8
2650.1 11
2651.1 2
2652.1 8
2653.1 12
2654.1 8
2655.1 14
2656.1 7
2657.1 8
2658.1 7
2659.1 6
2660.1 8
2661.1 9
2662.1 8
2663.1 10
2664.1 6
2665.1 10
2666.1 11
2667.1 5
2668.1 14
2669.1 13
2670.1 10
2671.1 11
2672.1 11
2673.1 11
2674.1 4
2675.1 8
2676.1 11
2677.1 12
2678.1 9
2679.1 6
2680.1 7
2681.1 11
2682.1 14
2683.1 7
2684.1 7
2685.1 7
2686.1 5
2687.1 13
2688.1 14
2689.1 7
2690.1 5
2691.1 12
2692.1 9
2693.1 8
2694.1 7
2695.1 13
2696.1 6
2697.1 10
2698.1 7
2699.1 11
2700.1 6
2701.1 3
2702.1 5
2703.1 8
2704.1 8
2705.1 5
2706.1 11
2707.1 9
2708.1 7
2709.1 10
2710.1 8
2711.1 5
2712.1 6
2713.1 6
2714.1 5
2715.1 16
2716.1 15
2717.1 10
2718.1 6
2719.1 14
2720.1 5
2721.1 2
2722.1 5
2723.1 5
2724.1 4
2725.1 6
2726.1 7
2727.1 11
2728.1 7
2729.1 6
2730.1 13
2731.1 7
2732.1 14
2733.1 5
2734.1 10
2735.1 10
2736.1 8
2737.1 6
2738.1 12
2739.1 8
2740.1 5
2741.1 13
2742.1 11
2743.1 6
2744.1 5
2745.1 9
2746.1 6
2747.1 4
2748.1 8
2749.1 9
2750.1 10
2751.1 9
2752.1 14
2753.1 4
2754.1 9
2755.1 7
2756.1 4
2757.1 8
2758.1 6
2759.1 6
2760.1 7
2761.1 4
2762.1 7
2763.1 8
2764.1 9
2765.1 6
2766.1 9
2767.1 7
2768.1 11
2769.1 5
2770.1 16
2771.1 9
2772.1 7
2773.1 9
2774.1 8
2775.1 6
2776.1 8
2777.1 9
2778.1 5
2779.1 3
2780.1 14
2781.1 8
2782.1 11
2783.1 8
2784.1 5
2785.1 4
2786.1 7
2787.1 7
2788.1 12
2789.1 6
2790.1 7
2791.1 8
2792.1 5
2793.1 11
2794.1 4
2795.1 7
2796.1 9
2797.1 9
2798.1 6
2799.1 7
2800.1 16
2801.1 5
2802.1 7
2803.1 5
2804.1 7
2805.1 8
2806.1 9
2807.1 10
2808.1 8
2809.1 9
2810.1 3
2811.1 10
2812.1 2
2813.1 4
2814.1 6
2815.1 7
2816.1 13
2817.1 5
2818.1 7
2819.1 7
2820.1 3
2821.1 5
2822.1 9
2823.1 11
2824.1 6
2825.1 3
2826.1 7
2827.1 9
2828.1 6
2829.1 10
2830.1 3
2831.1 6
2832.1 5
2833.1 10
2834.1 6
2835.1 9
2836.1 9
2837.1 3
2838.1 8
2839.1 10
2840.1 12
2841.1 15
2842.1 11
2843.1 8
2844.1 6
2845.1 5
2846.1 8
2847.1 3
2848.1 6
2849.1 3
2850.1 7
2851.1 5
2852.1 8
2853.1 5
2854.1 7
2855.1 5
2856.1 6
2857.1 3
2858.1 8
2859.1 5
2860.1 6
2861.1 8
2862.1 5
2863.1 4
2864.1 9
2865.1 1
2866.1 7
2867.1 10
2868.1 8
2869.1 10
2870.1 6
2871.1 4
2872.1 3
2873.1 10
2874.1 3
2875.1 10
2876.1 9
2877.1 5
2878.1 13
2879.1 8
2880.1 1
2881.1 9
2882.1 8
2883.1 8
2884.1 7
2885.1 8
2886.1 6
2887.1 4
2888.1 6
2889.1 6
2890.1 11
2891.1 7
2892.1 3
2893.1 7
2894.1 11
2895.1 5
2896.1 6
2897.1 13
2898.1 5
2899.1 11
2900.1 8
2901.1 4
2902.1 4
2903.1 11
2904.1 7
2905.1 6
2906.1 7
2907.1 4
2908.1 11
2909.1 9
2910.1 6
2911.1 4
2912.1 11
2913.1 4
2914.1 6
2915.1 8
2916.1 3
2917.1 4
2918.1 8
2919.1 4
2920.1 13
2921.1 10
2922.1 10
2923.1 3
2924.1 11
2925.1 4
2926.1 7
2927.1 10
2928.1 4
2929.1 9
2930.1 9
2931.1 1
2932.1 6
2933.1 9
2934.1 7
2935.1 9
2936.1 4
2937.1 7
2938.1 6
2939.1 3
2940.1 12
2941.1 2
2942.1 11
2943.1 5
2944.1 11
2945.1 9
2946.1 9
2947.1 7
2948.1 12
2949.1 8
2950.1 4
2951.1 8
2952.1 4
2953.1 7
2954.1 11
2955.1 10
2956.1 11
2957.1 5
2958.1 7
2959.1 2
2960.1 11
2961.1 4
2962.1 3
2963.1 3
2964.1 6
2965.1 6
2966.1 4
2967.1 6
2968.1 3
2969.1 6
2970.1 7
2971.1 6
2972.1 7
2973.1 13
2974.1 9
2975.1 7
2976.1 5
2977.1 6
2978.1 11
2979.1 3
2980.1 11
2981.1 6
2982.1 6
2983.1 6
2984.1 6
2985.1 6
2986.1 4
2987.1 9
2988.1 7
2989.1 4
2990.1 13
2991.1 5
2992.1 3
2993.1 6
2994.1 2
2995.1 8
2996.1 9
2997.1 4
2998.1 12
2999.1 8
3000.1 7
3001.1 9
3002.1 7
3003.1 7
3004.1 5
3005.1 4
3006.1 3
3007.1 5
3008.1 6
3009.1 7
3010.1 11
3011.1 7
3012.1 12
3013.1 6
3014.1 7
3015.1 7
3016.1 4
3017.1 5
3018.1 14
3019.1 5
3020.1 6
3021.1 3
3022.1 8
3023.1 7
3024.1 2
3025.1 5
3026.1 9
3027.1 4
3028.1 6
3029.1 4
3030.1 5
3031.1 8
3032.1 5
3033.1 8
3034.1 10
3035.1 8
3036.1 7
3037.1 7
3038.1 2
3039.1 4
3040.1 6
3041.1 4
3042.1 4
3043.1 7
3044.1 9
3045.1 7
3046.1 5
3047.1 6
3048.1 4
3049.1 5
3050.1 2
3051.1 2
3052.1 4
3053.1 4
3054.1 4
3055.1 8
3056.1 9
3057.1 11
3058.1 4
3059.1 9
3060.1 6
3061.1 6
3062.1 5
3063.1 4
3064.1 3
3065.1 11
3066.1 7
3067.1 7
3068.1 6
3069.1 7
3070.1 2
3071.1 4
3072.1 13
3073.1 4
3074.1 12
3075.1 6
3076.1 12
3077.1 8
3078.1 4
3079.1 6
3080.1 6
3081.1 1
3082.1 8
3083.1 9
3084.1 6
3085.1 5
3086.1 2
3087.1 7
3088.1 6
3089.1 9
3090.1 5
3091.1 8
3092.1 2
3093.1 2
3094.1 10
3095.1 3
3096.1 4
3097.1 2
3098.1 6
3099.1 7
3100.1 6
3101.1 4
3102.1 7
3103.1 7
3104.1 4
3105.1 8
3106.1 2
3107.1 4
3108.1 7
3109.1 9
3110.1 3
3111.1 5
3112.1 6
3113.1 4
3114.1 2
3115.1 6
3116.1 5
3117.1 7
3118.1 4
3119.1 4
3120.1 7
3121.1 3
3122.1 10
3123.1 4
3124.1 4
3125.1 4
3126.1 7
3127.1 6
3128.1 11
3129.1 7
3130.1 6
3131.1 1
3132.1 5
3133.1 8
3134.1 7
3135.1 6
3136.1 11
3137.1 7
3138.1 7
3139.1 7
3140.1 6
3141.1 5
3142.1 4
3143.1 5
3144.1 5
3145.1 6
3146.1 4
3147.1 3
3148.1 4
3149.1 4
3150.1 7
3151.1 5
3152.1 5
3153.1 9
3154.1 4
3155.1 3
3156.1 1
3157.1 9
3158.1 11
3159.1 2
3160.1 9
3161.1 10
3162.1 9
3163.1 2
3164.1 4
3165.1 3
3166.1 5
3167.1 2
3168.1 3
3169.1 4
3170.1 6
3171.1 4
3172.1 3
3173.1 1
3174.1 7
3175.1 5
3176.1 5
3177.1 3
3178.1 7
3179.1 5
3180.1 6
3181.1 8
3182.1 5
3183.1 8
3184.1 4
3185.1 6
3186.1 6
3187.1 9
3188.1 4
3189.1 5
3190.1 3
3191.1 10
3192.1 6
3193.1 6
3194.1 9
3195.1 5
3196.1 4
3197.1 9
3198.1 3
3199.1 8
3200.1 9
3201.1 2
3202.1 8
3203.1 7
3204.1 5
3205.1 9
3206.1 8
3207.1 2
3208.1 3
3209.1 3
3210.1 6
3211.1 1
3212.1 4
3213.1 3
3214.1 4
3215.1 6
3216.1 6
3217.1 2
3218.1 8
3219.1 2
3220.1 4
3221.1 3
3222.1 3
3223.1 7
3224.1 3
3225.1 3
3226.1 3
3227.1 5
3228.1 6
3229.1 5
3230.1 4
3231.1 5
3232.1 6
3233.1 7
3234.1 4
3235.1 4
3236.1 4
3237.1 5
3238.1 10
3239.1 7
3240.1 8
3241.1 4
3242.1 3
3243.1 6
3244.1 5
3245.1 3
3246.1 3
3247.1 2
3248.1 12
3249.1 6
3250.1 5
3251.1 5
3252.1 4
3253.1 6
3254.1 5
3255.1 3
3256.1 8
3257.1 6
3258.1 6
3259.1 9
3260.1 3
3261.1 6
3262.1 10
3263.1 9
3264.1 2
3265.1 5
3266.1 9
3267.1 6
3268.1 7
3269.1 3
3270.1 6
3271.1 6
3272.1 4
3273.1 4
3275.1 6
3276.1 7
3277.1 7
3278.1 4
3279.1 10
3280.1 4
3281.1 4
3282.1 8
3283.1 2
3284.1 1
3285.1 1
3286.1 7
3287.1 6
3288.1 2
3289.1 2
3290.1 4
3291.1 2
3292.1 10
3293.1 6
3294.1 4
3295.1 7
3296.1 4
3297.1 9
3298.1 4
3299.1 6
3300.1 6
3301.1 3
3302.1 5
3303.1 2
3304.1 6
3305.1 5
3306.1 5
3307.1 10
3308.1 6
3309.1 7
3310.1 7
3311.1 8
3312.1 7
3313.1 7
3314.1 3
3315.1 6
3317.1 1
3318.1 3
3319.1 8
3320.1 5
3321.1 5
3322.1 8
3323.1 2
3324.1 8
3325.1 4
3326.1 9
3327.1 3
3328.1 9
3329.1 8
3330.1 4
3331.1 5
3332.1 3
3333.1 3
3334.1 3
3335.1 2
3336.1 8
3337.1 6
3338.1 2
3339.1 2
3340.1 4
3341.1 6
3342.1 4
3343.1 3
3344.1 5
3345.1 4
3346.1 5
3347.1 8
3348.1 6
3349.1 2
3350.1 2
3351.1 4
3352.1 5
3353.1 6
3354.1 5
3355.1 4
3356.1 3
3357.1 7
3358.1 2
3359.1 7
3360.1 3
3361.1 5
3362.1 5
3363.1 7
3364.1 3
3365.1 5
3366.1 7
3367.1 3
3368.1 5
3369.1 2
3370.1 5
3371.1 6
3372.1 11
3373.1 7
3374.1 5
3375.1 3
3376.1 2
3377.1 9
3378.1 5
3379.1 4
3380.1 2
3381.1 6
3382.1 5
3383.1 6
3384.1 4
3385.1 6
3386.1 4
3387.1 3
3388.1 2
3389.1 5
3390.1 4
3391.1 10
3392.1 1
3393.1 6
3394.1 6
3395.1 2
3396.1 5
3397.1 3
3398.1 4
3399.1 6
3400.1 5
3401.1 6
3402.1 4
3403.1 3
3404.1 4
3405.1 10
3406.1 5
3407.1 5
3408.1 4
3409.1 5
3410.1 5
3411.1 2
3412.1 6
3413.1 4
3415.1 10
3416.1 5
3417.1 2
3418.1 4
3419.1 4
3420.1 2
3421.1 2
3422.1 8
3423.1 4
3424.1 9
3425.1 3
3426.1 7
3427.1 5
3428.1 8
3429.1 4
3430.1 5
3431.1 1
3432.1 4
3433.1 3
3434.1 3
3435.1 5
3436.1 2
3437.1 4
3438.1 4
3439.1 3
3440.1 2
3441.1 2
3442.1 2
3443.1 5
3444.1 3
3445.1 3
3446.1 2
3447.1 2
3448.1 3
3449.1 2
3450.1 7
3451.1 1
3452.1 1
3453.1 6
3454.1 7
3455.1 6
3456.1 5
3457.1 7
3458.1 2
3459.1 4
3460.1 4
3461.1 7
3462.1 2
3463.1 2
3464.1 1
3465.1 4
3466.1 3
3467.1 3
3468.1 3
3469.1 4
3470.1 2
3471.1 3
3472.1 6
3473.1 6
3474.1 6
3475.1 6
3476.1 8
3477.1 6
3478.1 1
3479.1 6
3480.1 1
3481.1 7
3482.1 4
3483.1 4
3484.1 5
3485.1 3
3486.1 4
3487.1 3
3488.1 1
3489.1 7
3490.1 2
3491.1 7
3492.1 1
3493.1 1
3494.1 4
3495.1 7
3496.1 3
3497.1 2
3498.1 5
3499.1 5
3500.1 7
3501.1 6
3502.1 6
3503.1 2
3504.1 3
3505.1 3
3506.1 8
3507.1 7
3508.1 4
3509.1 7
3510.1 3
3511.1 6
3512.1 5
3513.1 1
3514.1 5
3515.1 2
3516.1 4
3517.1 3
3518.1 5
3519.1 8
3520.1 7
3521.1 3
3522.1 2
3523.1 3
3524.1 3
3525.1 4
3526.1 3
3527.1 4
3528.1 2
3529.1 4
3530.1 4
3531.1 6
3532.1 7
3533.1 1
3534.1 4
3535.1 6
3536.1 5
3537.1 2
3538.1 7
3539.1 4
3540.1 6
3541.1 4
3542.1 5
3543.1 4
3544.1 2
3545.1 4
3546.1 4
3547.1 3
3548.1 2
3549.1 4
3550.1 2
3551.1 4
3552.1 2
3553.1 6
3554.1 7
3555.1 4
3556.1 7
3557.1 7
3558.1 5
3559.1 3
3560.1 7
3561.1 4
3562.1 4
3563.1 5
3564.1 7
3565.1 4
3566.1 6
3567.1 4
3568.1 6
3569.1 5
3570.1 3
3571.1 7
3572.1 5
3573.1 2
3574.1 6
3575.1 4
3576.1 3
3577.1 4
3578.1 4
3579.1 5
3580.1 5
3581.1 1
3583.1 6
3584.1 5
3585.1 3
3586.1 4
3589.1 7
3590.1 3
3591.1 3
3592.1 3
3593.1 3
3594.1 4
3595.1 2
3596.1 4
3597.1 3
3598.1 3
3599.1 2
3600.1 1
3601.1 1
3602.1 3
3603.1 3
3604.1 5
3605.1 5
3606.1 5
3607.1 7
3608.1 4
3609.1 6
3610.1 2
3611.1 2
3612.1 4
3613.1 4
3614.1 3
3615.1 5
3616.1 5
3617.1 9
3618.1 5
3619.1 4
3620.1 5
3621.1 2
3622.1 4
3623.1 4
3624.1 1
3625.1 5
3626.1 4
3627.1 2
3628.1 2
3629.1 4
3630.1 2
3631.1 3
3632.1 6
3633.1 3
3634.1 4
3635.1 3
3636.1 4
3637.1 4
3638.1 6
3639.1 5
3640.1 7
3641.1 4
3642.1 2
3643.1 2
3644.1 7
3645.1 3
3646.1 2
3647.1 4
3648.1 6
3649.1 5
3650.1 3
3651.1 3
3652.1 7
3653.1 5
3654.1 1
3655.1 1
3656.1 1
3657.1 4
3658.1 3
3659.1 2
3660.1 6
3661.1 4
3662.1 3
3663.1 1
3664.1 6
3665.1 3
3666.1 5
3667.1 5
3668.1 3
3669.1 5
3670.1 5
3671.1 4
3672.1 3
3673.1 2
3674.1 5
3675.1 4
3678.1 5
3679.1 4
3680.1 5
3681.1 3
3682.1 2
3683.1 7
3684.1 5
3685.1 1
3686.1 2
3687.1 2
3688.1 3
3689.1 5
3690.1 3
3691.1 6
3692.1 4
3693.1 5
3694.1 3
3695.1 2
3696.1 2
3697.1 2
3698.1 4
3699.1 5
3700.1 5
3701.1 2
3702.1 5
3703.1 2
3704.1 6
3705.1 2
3706.1 3
3708.1 1
3709.1 1
3710.1 3
3711.1 5
3712.1 1
3713.1 3
3714.1 3
3715.1 6
3716.1 3
3717.1 4
3718.1 6
3719.1 6
3720.1 5
3721.1 5
3722.1 2
3723.1 4
3724.1 6
3725.1 4
3726.1 3
3727.1 5
3728.1 2
3729.1 2
3730.1 5
3731.1 3
3732.1 1
3733.1 4
3734.1 2
3735.1 8
3736.1 2
3737.1 2
3738.1 1
3739.1 3
3741.1 3
3742.1 2
3743.1 3
3744.1 4
3745.1 2
3746.1 3
3747.1 4
3748.1 4
3749.1 3
3750.1 1
3751.1 3
3752.1 2
3753.1 4
3754.1 5
3755.1 2
3757.1 5
3758.1 2
3759.1 5
3760.1 1
3761.1 2
3762.1 7
3763.1 2
3764.1 2
3765.1 2
3766.1 3
3767.1 4
3769.1 2
3770.1 3
3771.1 5
3772.1 2
3773.1 3
3775.1 2
3776.1 1
3777.1 8
3778.1 3
3779.1 1
3780.1 2
3781.1 3
3782.1 4
3783.1 5
3784.1 7
3785.1 2
3787.1 1
3788.1 4
3789.1 6
3790.1 9
3791.1 6
3792.1 4
3793.1 3
3794.1 1
3795.1 5
3796.1 4
3797.1 6
3798.1 3
3799.1 3
3800.1 5
3801.1 2
3802.1 4
3803.1 8
3805.1 3
3807.1 5
3808.1 2
3809.1 3
3810.1 3
3811.1 3
3812.1 3
3813.1 4
3814.1 2
3815.1 4
3816.1 5
3817.1 2
3819.1 4
3820.1 1
3821.1 3
3823.1 2
3824.1 2
3826.1 4
3827.1 1
3828.1 6
3829.1 2
3830.1 3
3831.1 7
3832.1 6
3834.1 3
3835.1 4
3836.1 5
3837.1 3
3838.1 2
3839.1 1
3840.1 2
3841.1 3
3842.1 1
3843.1 3
3844.1 5
3845.1 7
3846.1 2
3847.1 2
3848.1 7
3849.1 5
3850.1 3
3851.1 4
3852.1 3
3853.1 5
3854.1 4
3855.1 5
3856.1 3
3857.1 1
3858.1 1
3859.1 4
3860.1 1
3861.1 7
3862.1 3
3863.1 3
3864.1 4
3865.1 2
3866.1 2
3867.1 1
3868.1 9
3869.1 2
3870.1 4
3871.1 4
3872.1 3
3873.1 2
3874.1 10
3875.1 2
3876.1 4
3877.1 3
3878.1 7
3879.1 1
3880.1 4
3881.1 6
3882.1 3
3883.1 3
3884.1 1
3885.1 3
3886.1 2
3887.1 3
3888.1 3
3889.1 2
3890.1 4
3891.1 3
3892.1 6
3894.1 3
3895.1 1
3896.1 2
3898.1 3
3899.1 1
3900.1 1
3901.1 2
3902.1 4
3903.1 2
3904.1 3
3905.1 3
3906.1 3
3907.1 2
3908.1 2
3909.1 3
3910.1 4
3911.1 2
3912.1 6
3913.1 4
3914.1 4
3915.1 4
3916.1 1
3917.1 4
3918.1 2
3919.1 4
3920.1 2
3921.1 2
3922.1 4
3923.1 4
3924.1 1
3925.1 1
3926.1 3
3927.1 1
3928.1 5
3929.1 4
3930.1 6
3931.1 5
3932.1 7
3933.1 2
3934.1 5
3935.1 2
3936.1 6
3937.1 2
3938.1 5
3939.1 2
3942.1 3
3943.1 3
3945.1 2
3946.1 2
3947.1 5
3948.1 2
3949.1 3
3950.1 4
3952.1 3
3953.1 3
3954.1 3
3955.1 3
3956.1 3
3957.1 2
3958.1 3
3959.1 4
3960.1 2
3961.1 1
3962.1 4
3963.1 1
3964.1 3
3965.1 2
3967.1 3
3968.1 2
3969.1 3
3970.1 3
3971.1 4
3973.1 4
3974.1 3
3975.1 4
3976.1 2
3977.1 6
3978.1 2
3979.1 2
3980.1 1
3981.1 3
3982.1 3
3983.1 2
3984.1 4
3985.1 4
3986.1 1
3987.1 1
3988.1 4
3989.1 2
3990.1 5
3991.1 3
3992.1 4
3993.1 5
3994.1 2
3996.1 2
3997.1 2
3998.1 2
3999.1 3
4000.1 2
4001.1 3
4002.1 3
4003.1 3
4004.1 1
4005.1 5
4006.1 3
4007.1 4
4008.1 3
4009.1 2
4010.1 3
4011.1 3
4012.1 2
4013.1 2
4014.1 1
4015.1 3
4017.1 2
4018.1 1
4019.1 7
4020.1 5
4023.1 5
4024.1 1
4025.1 1
4026.1 1
4027.1 1
4028.1 3
4029.1 5
4030.1 3
4031.1 1
4032.1 4
4033.1 1
4034.1 5
4035.1 6
4036.1 1
4037.1 2
4038.1 4
4039.1 7
4040.1 6
4041.1 3
4042.1 3
4043.1 2
4044.1 5
4045.1 2
4046.1 1
4047.1 2
4048.1 3
4049.1 2
4050.1 2
4051.1 3
4052.1 2
4053.1 6
4054.1 2
4055.1 3
4056.1 3
4057.1 4
4058.1 2
4059.1 5
4060.1 1
4061.1 2
4062.1 2
4064.1 3
4065.1 2
4066.1 6
4067.1 3
4068.1 3
4070.1 4
4071.1 3
4072.1 7
4073.1 3
4075.1 3
4076.1 2
4077.1 3
4078.1 2
4079.1 5
4080.1 1
4082.1 3
4083.1 4
4086.1 2
4087.1 1
4088.1 1
4089.1 1
4090.1 1
4091.1 2
4092.1 3
4094.1 3
4095.1 4
4096.1 1
4097.1 1
4099.1 6
4100.1 1
4101.1 2
4102.1 3
4103.1 1
4104.1 2
4105.1 3
4106.1 2
4107.1 3
4108.1 3
4109.1 3
4110.1 4
4111.1 2
4112.1 1
4113.1 4
4114.1 1
4115.1 8
4116.1 3
4117.1 4
4118.1 2
4121.1 3
4122.1 3
4123.1 3
4124.1 1
4125.1 1
4126.1 1
4129.1 4
4130.1 5
4131.1 3
4132.1 3
4133.1 2
4134.1 1
4136.1 3
4138.1 2
4139.1 1
4140.1 5
4141.1 4
4142.1 1
4144.1 4
4145.1 4
4146.1 1
4147.1 3
4148.1 3
4149.1 1
4150.1 3
4151.1 3
4152.1 4
4153.1 2
4154.1 3
4155.1 1
4156.1 4
4157.1 2
4158.1 1
4159.1 2
4160.1 3
4161.1 1
4163.1 1
4164.1 1
4165.1 2
4166.1 3
4167.1 2
4168.1 4
4170.1 1
4171.1 2
4172.1 2
4173.1 3
4174.1 1
4175.1 2
4176.1 1
4177.1 1
4178.1 5
4179.1 2
4180.1 1
4181.1 3
4182.1 2
4183.1 1
4184.1 5
4185.1 1
4186.1 4
4188.1 3
4189.1 3
4190.1 2
4191.1 1
4192.1 1
4193.1 1
4194.1 3
4195.1 4
4196.1 3
4197.1 2
4198.1 4
4199.1 1
4200.1 1
4201.1 3
4202.1 5
4203.1 3
4205.1 4
4206.1 3
4207.1 2
4208.1 2
4209.1 6
4210.1 1
4211.1 2
4212.1 3
4213.1 2
4214.1 2
4215.1 4
4216.1 2
4217.1 1
4218.1 3
4219.1 3
4220.1 3
4221.1 2
4223.1 1
4224.1 3
4225.1 2
4227.1 6
4228.1 4
4229.1 1
4230.1 5
4232.1 5
4233.1 1
4235.1 5
4236.1 1
4237.1 1
4238.1 1
4239.1 6
4240.1 1
4241.1 2
4242.1 2
4243.1 3
4244.1 3
4245.1 7
4246.1 3
4247.1 1
4249.1 1
4250.1 3
4251.1 3
4252.1 3
4253.1 2
4255.1 4
4256.1 5
4257.1 1
4258.1 2
4260.1 2
4261.1 4
4262.1 3
4263.1 5
4264.1 3
4265.1 4
4266.1 1
4268.1 3
4269.1 1
4270.1 2
4271.1 3
4272.1 1
4273.1 1
4274.1 1
4275.1 1
4276.1 4
4277.1 6
4278.1 2
4279.1 2
4280.1 2
4281.1 3
4282.1 2
4283.1 2
4284.1 3
4285.1 1
4287.1 1
4288.1 1
4290.1 3
4291.1 2
4292.1 1
4293.1 3
4294.1 3
4295.1 5
4296.1 6
4297.1 1
4298.1 3
4299.1 3
4300.1 5
4301.1 2
4302.1 2
4303.1 1
4304.1 1
4305.1 2
4306.1 2
4307.1 1
4308.1 2
4309.1 1
4310.1 2
4311.1 4
4312.1 1
4313.1 1
4314.1 4
4316.1 2
4317.1 2
4318.1 2
4319.1 3
4320.1 3
4321.1 2
4322.1 3
4323.1 3
4324.1 1
4325.1 2
4326.1 1
4327.1 2
4328.1 5
4329.1 3
4330.1 3
4331.1 2
4332.1 1
4333.1 1
4334.1 4
4335.1 1
4336.1 1
4337.1 1
4338.1 2
4339.1 3
4340.1 1
4342.1 2
4343.1 1
4344.1 3
4345.1 2
4347.1 2
4348.1 2
4349.1 3
4350.1 2
4351.1 2
4353.1 5
4354.1 1
4355.1 5
4356.1 3
4357.1 3
4358.1 5
4360.1 2
4361.1 1
4362.1 3
4363.1 1
4364.1 1
4365.1 4
4366.1 2
4367.1 3
4368.1 1
4370.1 1
4371.1 2
4372.1 1
4373.1 2
4374.1 1
4375.1 3
4376.1 5
4377.1 6
4378.1 2
4379.1 1
4380.1 1
4381.1 4
4382.1 2
4383.1 5
4385.1 1
4387.1 1
4388.1 4
4389.1 1
4390.1 2
4391.1 3
4392.1 3
4393.1 3
4394.1 3
4395.1 3
4396.1 1
4397.1 3
4398.1 2
4399.1 3
4400.1 1
4401.1 1
4402.1 2
4403.1 2
4404.1 3
4405.1 1
4406.1 1
4407.1 4
4408.1 3
4409.1 3
4410.1 7
4411.1 1
4412.1 3
4414.1 4
4415.1 1
4416.1 5
4417.1 2
4418.1 1
4419.1 1
4420.1 3
4422.1 2
4423.1 2
4424.1 2
4425.1 3
4426.1 1
4427.1 2
4428.1 1
4429.1 3
4430.1 4
4431.1 1
4432.1 4
4433.1 3
4434.1 4
4436.1 5
4437.1 3
4438.1 2
4439.1 2
4440.1 2
4441.1 5
4442.1 1
4443.1 3
4444.1 1
4445.1 4
4447.1 1
4448.1 3
4449.1 3
4450.1 1
4451.1 4
4452.1 2
4453.1 2
4454.1 1
4456.1 3
4458.1 1
4459.1 3
4460.1 3
4461.1 1
4462.1 2
4463.1 3
4464.1 2
4465.1 2
4466.1 2
4467.1 2
4468.1 1
4469.1 2
4470.1 2
4471.1 2
4472.1 1
4473.1 1
4474.1 3
4475.1 2
4476.1 2
4478.1 2
4479.1 1
4480.1 4
4481.1 3
4482.1 1
4483.1 2
4484.1 2
4485.1 3
4486.1 2
4487.1 2
4488.1 2
4489.1 2
4490.1 1
4491.1 1
4494.1 4
4495.1 1
4496.1 4
4497.1 1
4498.1 2
4499.1 2
4500.1 1
4501.1 4
4502.1 2
4503.1 3
4504.1 2
4505.1 2
4506.1 2
4507.1 1
4510.1 1
4511.1 1
4512.1 2
4513.1 2
4514.1 1
4516.1 2
4517.1 1
4518.1 2
4519.1 3
4520.1 4
4521.1 1
4523.1 1
4524.1 3
4525.1 2
4526.1 1
4527.1 1
4528.1 3
4529.1 4
4530.1 1
4532.1 2
4533.1 4
4535.1 2
4537.1 5
4538.1 3
4539.1 3
4540.1 3
4542.1 3
4543.1 1
4544.1 1
4545.1 4
4546.1 1
4547.1 2
4548.1 3
4549.1 1
4550.1 1
4552.1 3
4553.1 2
4554.1 2
4555.1 1
4557.1 3
4558.1 1
4559.1 4
4560.1 2
4561.1 2
4562.1 3
4563.1 1
4564.1 2
4565.1 2
4567.1 2
4568.1 1
4569.1 1
4570.1 1
4571.1 1
4572.1 4
4573.1 3
4574.1 4
4575.1 2
4576.1 4
4577.1 2
4579.1 2
4580.1 3
4581.1 3
4582.1 2
4584.1 2
4585.1 1
4586.1 4
4587.1 1
4589.1 3
4591.1 2
4592.1 2
4594.1 1
4596.1 4
4597.1 4
4598.1 2
4599.1 1
4601.1 1
4602.1 2
4603.1 1
4604.1 3
4605.1 1
4606.1 3
4607.1 2
4608.1 1
4609.1 2
4610.1 2
4612.1 3
4613.1 1
4614.1 2
4616.1 2
4617.1 1
4618.1 1
4619.1 1
4621.1 2
4622.1 1
4623.1 3
4624.1 1
4626.1 1
4628.1 1
4629.1 3
4630.1 1
4631.1 1
4634.1 1
4635.1 2
4637.1 2
4639.1 2
4640.1 1
4641.1 1
4642.1 5
4643.1 1
4644.1 2
4645.1 1
4646.1 3
4647.1 1
4649.1 2
4650.1 1
4651.1 2
4652.1 2
4653.1 1
4656.1 1
4657.1 1
4658.1 1
4659.1 4
4660.1 4
4661.1 4
4662.1 1
4664.1 1
4666.1 1
4667.1 4
4668.1 3
4669.1 2
4670.1 1
4671.1 3
4672.1 4
4673.1 1
4674.1 1
4675.1 4
4676.1 3
4677.1 2
4678.1 5
4680.1 1
4681.1 3
4683.1 3
4684.1 4
4685.1 4
4686.1 2
4687.1 2
4688.1 3
4689.1 2
4690.1 2
4691.1 1
4693.1 4
4694.1 3
4695.1 1
4696.1 2
4697.1 3
4699.1 1
4700.1 4
4701.1 2
4702.1 1
4703.1 3
4704.1 3
4705.1 3
4706.1 3
4708.1 2
4709.1 3
4710.1 2
4711.1 2
4712.1 2
4714.1 3
4715.1 2
4716.1 1
4717.1 1
4718.1 1
4720.1 2
4721.1 3
4722.1 1
4723.1 2
4726.1 2
4727.1 2
4728.1 1
4729.1 4
4730.1 6
4731.1 1
4733.1 4
4734.1 2
4736.1 2
4737.1 2
4740.1 4
4741.1 3
4742.1 1
4743.1 4
4744.1 1
4745.1 2
4746.1 5
4747.1 1
4748.1 1
4751.1 1
4753.1 3
4754.1 2
4755.1 3
4756.1 2
4757.1 1
4758.1 1
4759.1 3
4760.1 6
4762.1 1
4763.1 1
4765.1 1
4766.1 2
4768.1 1
4769.1 1
4772.1 6
4773.1 2
4774.1 3
4775.1 3
4776.1 2
4777.1 2
4779.1 1
4780.1 2
4781.1 2
4783.1 2
4784.1 1
4785.1 2
4786.1 2
4788.1 1
4789.1 3
4790.1 1
4791.1 1
4792.1 1
4793.1 1
4794.1 3
4795.1 2
4797.1 5
4798.1 2
4799.1 2
4800.1 1
4801.1 2
4803.1 2
4804.1 2
4805.1 3
4806.1 2
4807.1 1
4808.1 1
4809.1 1
4810.1 1
4811.1 5
4812.1 1
4813.1 3
4814.1 2
4815.1 1
4816.1 2
4817.1 2
4818.1 2
4819.1 2
4820.1 2
4822.1 3
4826.1 1
4829.1 1
4830.1 3
4831.1 1
4832.1 1
4833.1 2
4835.1 1
4836.1 4
4837.1 3
4839.1 1
4842.1 5
4843.1 4
4844.1 3
4845.1 2
4846.1 3
4847.1 2
4849.1 4
4852.1 2
4853.1 3
4854.1 3
4855.1 4
4856.1 1
4857.1 1
4858.1 1
4859.1 1
4861.1 1
4863.1 1
4865.1 2
4867.1 4
4868.1 2
4869.1 2
4870.1 3
4871.1 1
4873.1 3
4874.1 2
4875.1 2
4876.1 3
4877.1 2
4878.1 1
4880.1 1
4882.1 2
4884.1 2
4885.1 2
4886.1 2
4888.1 5
4889.1 1
4890.1 1
4893.1 2
4895.1 2
4896.1 1
4897.1 2
4898.1 3
4899.1 1
4900.1 3
4902.1 3
4903.1 2
4904.1 1
4905.1 1
4906.1 1
4907.1 1
4908.1 2
4909.1 1
4911.1 1
4913.1 3
4914.1 1
4915.1 3
4916.1 1
4917.1 1
4918.1 4
4919.1 1
4920.1 2
4921.1 1
4922.1 4
4923.1 1
4925.1 1
4926.1 1
4928.1 2
4929.1 3
4930.1 4
4932.1 2
4933.1 2
4935.1 2
4936.1 1
4937.1 1
4938.1 1
4940.1 3
4941.1 1
4942.1 2
4943.1 3
4944.1 1
4945.1 2
4947.1 1
4948.1 1
4949.1 1
4950.1 3
4951.1 1
4952.1 2
4953.1 1
4954.1 1
4955.1 3
4956.1 3
4957.1 1
4959.1 1
4960.1 3
4961.1 2
4964.1 5
4965.1 1
4966.1 3
4967.1 2
4968.1 1
4969.1 1
4971.1 1
4972.1 2
4973.1 2
4974.1 1
4975.1 1
4976.1 1
4977.1 3
4978.1 2
4979.1 1
4981.1 4
4982.1 1
4984.1 2
4986.1 1
4988.1 1
4989.1 1
4990.1 2
4992.1 4
4994.1 3
4996.1 3
4997.1 1
4998.1 1
4999.1 3
5001.1 1
5003.1 2
5004.1 2
5005.1 3
5007.1 1
5008.1 4
5009.1 1
5010.1 1
5011.1 1
5014.1 1
5015.1 1
5016.1 2
5018.1 3
5019.1 1
5022.1 2
5023.1 1
5024.1 1
5027.1 4
5028.1 1
5029.1 2
5030.1 2
5031.1 2
5032.1 1
5033.1 1
5034.1 1
5035.1 2
5036.1 2
5037.1 1
5038.1 2
5041.1 2
5042.1 2
5043.1 4
5044.1 3
5046.1 2
5047.1 1
5051.1 1
5052.1 1
5053.1 5
5055.1 1
5056.1 1
5057.1 1
5059.1 1
5060.1 2
5063.1 1
5065.1 1
5066.1 2
5067.1 1
5069.1 2
5070.1 1
5071.1 1
5072.1 2
5073.1 2
5074.1 2
5075.1 2
5076.1 3
5077.1 2
5078.1 1
5079.1 1
5080.1 1
5081.1 2
5082.1 1
5084.1 1
5086.1 1
5088.1 2
5089.1 1
5090.1 2
5092.1 1
5093.1 2
5094.1 2
5095.1 3
5097.1 1
5098.1 2
5099.1 1
5100.1 1
5101.1 2
5102.1 1
5104.1 3
5105.1 1
5106.1 1
5107.1 1
5110.1 2
5111.1 1
5112.1 1
5113.1 2
5114.1 2
5115.1 3
5116.1 1
5117.1 2
5118.1 1
5119.1 4
5120.1 1
5121.1 1
5123.1 1
5124.1 3
5125.1 2
5126.1 1
5127.1 2
5128.1 3
5129.1 2
5130.1 2
5131.1 3
5133.1 3
5134.1 1
5135.1 3
5140.1 1
5142.1 1
5143.1 6
5145.1 1
5149.1 2
5151.1 3
5152.1 2
5153.1 1
5154.1 3
5155.1 3
5156.1 3
5157.1 2
5158.1 1
5159.1 1
5161.1 1
5162.1 2
5163.1 2
5165.1 3
5167.1 2
5172.1 1
5173.1 2
5174.1 1
5175.1 1
5176.1 1
5177.1 3
5179.1 1
5180.1 3
5181.1 1
5182.1 1
5183.1 1
5185.1 2
5187.1 2
5188.1 1
5189.1 2
5191.1 2
5193.1 4
5194.1 2
5195.1 4
5197.1 1
5198.1 2
5199.1 2
5200.1 2
5202.1 1
5203.1 1
5204.1 1
5205.1 2
5208.1 5
5209.1 4
5210.1 2
5212.1 2
5213.1 5
5214.1 1
5215.1 2
5216.1 3
5218.1 2
5219.1 2
5220.1 3
5222.1 1
5223.1 1
5225.1 1
5227.1 1
5228.1 3
5229.1 3
5230.1 3
5231.1 2
5232.1 1
5233.1 1
5234.1 1
5237.1 2
5238.1 3
5240.1 1
5241.1 1
5243.1 1
5245.1 3
5246.1 4
5247.1 2
5249.1 1
5251.1 2
5253.1 1
5254.1 1
5255.1 1
5256.1 2
5257.1 1
5258.1 2
5259.1 1
5260.1 1
5261.1 2
5262.1 2
5263.1 2
5264.1 3
5265.1 1
5266.1 3
5267.1 1
5268.1 1
5270.1 1
5271.1 2
5274.1 1
5275.1 3
5276.1 1
5277.1 2
5281.1 1
5282.1 3
5283.1 1
5285.1 1
5288.1 1
5290.1 1
5291.1 2
5292.1 3
5293.1 3
5294.1 2
5295.1 2
5296.1 1
5298.1 2
5299.1 1
5300.1 3
5301.1 3
5302.1 2
5303.1 1
5306.1 2
5308.1 2
5309.1 3
5312.1 2
5314.1 2
5315.1 3
5316.1 3
5317.1 1
5318.1 1
5320.1 1
5321.1 2
5323.1 1
5324.1 4
5325.1 1
5326.1 2
5327.1 1
5328.1 1
5329.1 1
5330.1 2
5331.1 1
5334.1 2
5335.1 1
5337.1 2
5338.1 1
5340.1 2
5341.1 1
5342.1 3
5343.1 1
5346.1 2
5347.1 1
5348.1 5
5349.1 2
5350.1 2
5351.1 1
5352.1 1
5353.1 1
5355.1 1
5356.1 3
5357.1 2
5359.1 1
5360.1 2
5361.1 2
5362.1 2
5364.1 1
5365.1 2
5367.1 1
5369.1 1
5370.1 1
5372.1 2
5374.1 1
5375.1 1
5376.1 1
5377.1 4
5378.1 2
5379.1 1
5381.1 1
5383.1 2
5384.1 1
5385.1 1
5386.1 1
5387.1 1
5389.1 1
5391.1 2
5392.1 1
5393.1 1
5394.1 3
5399.1 4
5402.1 1
5404.1 1
5407.1 2
5408.1 1
5409.1 1
5410.1 2
5411.1 3
5413.1 3
5414.1 4
5415.1 1
5416.1 1
5417.1 3
5418.1 2
5421.1 2
5422.1 4
5423.1 1
5425.1 1
5426.1 1
5427.1 1
5429.1 1
5430.1 1
5431.1 2
5432.1 1
5433.1 1
5434.1 2
5435.1 2
5436.1 1
5438.1 1
5440.1 2
5442.1 3
5443.1 2
5446.1 1
5447.1 1
5448.1 3
5449.1 2
5451.1 4
5452.1 2
5453.1 1
5454.1 2
5455.1 3
5457.1 1
5458.1 3
5459.1 1
5460.1 2
5461.1 1
5462.1 1
5463.1 1
5465.1 4
5467.1 1
5469.1 2
5470.1 3
5473.1 1
5474.1 1
5475.1 1
5477.1 1
5478.1 4
5479.1 2
5480.1 2
5481.1 2
5482.1 1
5483.1 5
5484.1 2
5485.1 1
5486.1 2
5487.1 3
5488.1 1
5489.1 3
5490.1 1
5492.1 1
5494.1 2
5495.1 2
5496.1 2
5497.1 1
5498.1 2
5500.1 1
5501.1 2
5502.1 3
5504.1 1
5505.1 2
5506.1 2
5507.1 2
5508.1 1
5510.1 1
5511.1 3
5512.1 3
5514.1 2
5515.1 2
5516.1 1
5517.1 2
5519.1 2
5520.1 3
5521.1 2
5523.1 3
5524.1 3
5525.1 1
5527.1 1
5531.1 1
5532.1 1
5534.1 2
5535.1 1
5540.1 1
5542.1 1
5544.1 1
5548.1 1
5549.1 2
5550.1 2
5551.1 2
5553.1 2
5555.1 2
5556.1 1
5557.1 4
5558.1 1
5559.1 1
5560.1 2
5563.1 2
5564.1 3
5568.1 2
5571.1 1
5572.1 1
5573.1 4
5574.1 1
5575.1 1
5576.1 1
5579.1 2
5580.1 1
5581.1 3
5582.1 2
5583.1 2
5584.1 1
5585.1 4
5588.1 1
5589.1 2
5591.1 1
5593.1 1
5594.1 3
5595.1 2
5596.1 2
5597.1 1
5601.1 3
5602.1 1
5604.1 3
5605.1 1
5606.1 1
5608.1 1
5609.1 2
5610.1 3
5611.1 3
5612.1 1
5613.1 3
5616.1 1
5617.1 1
5618.1 2
5620.1 1
5621.1 2
5622.1 1
5624.1 1
5628.1 2
5629.1 1
5630.1 1
5631.1 2
5632.1 1
5634.1 3
5635.1 1
5636.1 3
5637.1 1
5639.1 3
5647.1 3
5652.1 2
5653.1 1
5656.1 2
5657.1 1
5658.1 3
5660.1 2
5663.1 3
5664.1 1
5666.1 2
5667.1 1
5668.1 1
5669.1 1
5670.1 2
5672.1 1
5673.1 1
5674.1 1
5679.1 3
5680.1 1
5681.1 2
5682.1 2
5683.1 1
5685.1 1
5688.1 2
5689.1 1
5691.1 1
5692.1 1
5693.1 1
5694.1 1
5696.1 1
5698.1 2
5699.1 1
5701.1 3
5702.1 2
5703.1 2
5704.1 1
5705.1 1
5708.1 2
5709.1 2
5710.1 3
5711.1 1
5712.1 1
5713.1 1
5715.1 2
5716.1 2
5718.1 2
5719.1 1
5720.1 4
5722.1 3
5723.1 1
5724.1 3
5725.1 2
5726.1 1
5727.1 2
5728.1 1
5729.1 1
5731.1 2
5732.1 1
5733.1 2
5735.1 1
5736.1 2
5738.1 1
5739.1 2
5742.1 1
5743.1 1
5746.1 1
5747.1 2
5749.1 1
5750.1 2
5751.1 1
5752.1 1
5754.1 2
5759.1 1
5762.1 1
5763.1 2
5764.1 2
5765.1 2
5768.1 1
5770.1 3
5771.1 6
5772.1 1
5774.1 2
5776.1 1
5778.1 2
5780.1 1
5781.1 1
5782.1 1
5783.1 1
5784.1 2
5785.1 1
5786.1 4
5789.1 1
5791.1 3
5795.1 2
5796.1 1
5797.1 3
5799.1 1
5800.1 1
5801.1 1
5802.1 1
5803.1 1
5804.1 1
5806.1 2
5807.1 2
5811.1 2
5813.1 2
5814.1 1
5815.1 1
5816.1 2
5817.1 2
5819.1 1
5820.1 2
5821.1 1
5822.1 2
5823.1 1
5824.1 2
5827.1 1
5828.1 1
5830.1 1
5832.1 1
5833.1 2
5834.1 3
5835.1 1
5836.1 1
5837.1 2
5838.1 1
5839.1 2
5840.1 1
5843.1 1
5845.1 1
5846.1 1
5847.1 3
5849.1 1
5852.1 1
5855.1 1
5857.1 1
5859.1 1
5860.1 1
5862.1 1
5863.1 2
5864.1 3
5866.1 1
5867.1 1
5868.1 1
5870.1 1
5871.1 2
5872.1 1
5873.1 1
5874.1 1
5875.1 1
5877.1 1
5878.1 3
5879.1 2
5880.1 1
5881.1 1
5885.1 1
5887.1 3
5888.1 2
5891.1 1
5893.1 2
5894.1 2
5895.1 2
5896.1 1
5898.1 1
5899.1 1
5901.1 4
5904.1 1
5906.1 3
5907.1 2
5908.1 1
5909.1 2
5910.1 1
5911.1 2
5912.1 3
5913.1 3
5920.1 1
5921.1 2
5924.1 1
5928.1 2
5929.1 1
5930.1 1
5931.1 1
5932.1 1
5937.1 1
5938.1 1
5940.1 1
5941.1 1
5943.1 2
5945.1 3
5947.1 2
5949.1 1
5950.1 1
5951.1 1
5953.1 1
5954.1 1
5955.1 2
5956.1 1
5959.1 1
5960.1 1
5961.1 2
5964.1 1
5966.1 1
5967.1 1
5968.1 2
5971.1 2
5972.1 1
5977.1 1
5978.1 1
5979.1 1
5980.1 1
5981.1 2
5982.1 1
5984.1 2
5988.1 1
5989.1 1
5990.1 1
5994.1 1
5995.1 1
5996.1 1
5997.1 1
5999.1 1
6003.1 1
6004.1 2
6005.1 4
6006.1 2
6008.1 1
6009.1 1
6011.1 2
6012.1 3
6013.1 1
6015.1 2
6019.1 2
6023.1 1
6025.1 1
6026.1 3
6028.1 1
6029.1 2
6033.1 2
6036.1 1
6037.1 2
6038.1 3
6039.1 3
6040.1 2
6041.1 1
6042.1 1
6047.1 2
6049.1 1
6051.1 1
6052.1 2
6054.1 1
6056.1 3
6060.1 1
6061.1 1
6062.1 3
6066.1 1
6067.1 1
6069.1 1
6070.1 2
6071.1 2
6072.1 1
6073.1 2
6074.1 2
6076.1 3
6078.1 1
6080.1 2
6082.1 2
6085.1 1
6087.1 1
6089.1 2
6091.1 1
6094.1 1
6095.1 1
6099.1 1
6100.1 1
6103.1 1
6105.1 1
6107.1 2
6108.1 1
6109.1 2
6111.1 1
6114.1 3
6116.1 1
6117.1 2
6120.1 1
6121.1 2
6122.1 1
6123.1 2
6124.1 2
6125.1 1
6126.1 1
6127.1 2
6129.1 2
6133.1 1
6134.1 1
6136.1 1
6137.1 2
6138.1 1
6139.1 1
6140.1 2
6141.1 1
6142.1 5
6143.1 2
6144.1 2
6145.1 1
6146.1 1
6148.1 1
6149.1 1
6152.1 1
6153.1 2
6154.1 1
6156.1 2
6157.1 1
6159.1 2
6160.1 1
6162.1 1
6165.1 1
6166.1 1
6167.1 1
6169.1 1
6173.1 2
6174.1 1
6176.1 2
6177.1 1
6178.1 1
6179.1 3
6180.1 1
6183.1 1
6184.1 1
6187.1 1
6188.1 3
6189.1 2
6190.1 2
6191.1 1
6193.1 3
6194.1 1
6196.1 1
6197.1 2
6203.1 1
6204.1 1
6205.1 1
6206.1 1
6207.1 1
6209.1 1
6210.1 4
6212.1 1
6213.1 1
6214.1 1
6215.1 1
6216.1 2
6218.1 2
6219.1 1
6220.1 1
6222.1 1
6225.1 1
6227.1 1
6233.1 1
6234.1 2
6235.1 1
6236.1 1
6239.1 1
6240.1 1
6244.1 4
6249.1 1
6250.1 1
6252.1 3
6258.1 1
6259.1 1
6260.1 2
6262.1 2
6263.1 1
6264.1 1
6266.1 2
6267.1 1
6270.1 2
6271.1 1
6272.1 1
6274.1 2
6275.1 1
6276.1 2
6277.1 2
6278.1 2
6279.1 1
6280.1 1
6281.1 1
6284.1 1
6285.1 1
6288.1 1
6289.1 1
6291.1 2
6292.1 2
6293.1 1
6294.1 1
6299.1 1
6300.1 1
6301.1 2
6309.1 1
6311.1 2
6312.1 1
6314.1 1
6315.1 2
6325.1 3
6327.1 2
6333.1 1
6334.1 1
6335.1 1
6336.1 2
6337.1 4
6338.1 1
6339.1 2
6341.1 1
6342.1 1
6345.1 1
6346.1 1
6347.1 1
6348.1 2
6351.1 2
6352.1 1
6356.1 1
6358.1 2
6360.1 1
6361.1 1
6363.1 1
6364.1 1
6365.1 2
6366.1 2
6367.1 1
6371.1 2
6372.1 1
6375.1 1
6376.1 3
6380.1 1
6383.1 1
6385.1 1
6387.1 1
6388.1 1
6390.1 1
6391.1 1
6395.1 1
6396.1 1
6398.1 1
6400.1 2
6403.1 2
6404.1 1
6405.1 1
6406.1 1
6407.1 1
6409.1 3
6410.1 1
6415.1 2
6418.1 1
6423.1 1
6425.1 2
6427.1 1
6428.1 1
6429.1 1
6431.1 2
6433.1 1
6434.1 1
6438.1 1
6439.1 2
6442.1 3
6444.1 1
6445.1 3
6447.1 1
6448.1 1
6452.1 2
6454.1 3
6455.1 2
6456.1 2
6458.1 2
6463.1 2
6464.1 1
6465.1 2
6468.1 2
6472.1 1
6474.1 2
6477.1 1
6478.1 2
6480.1 1
6482.1 1
6484.1 2
6485.1 1
6486.1 1
6487.1 1
6491.1 1
6492.1 1
6493.1 1
6495.1 1
6502.1 1
6507.1 2
6510.1 1
6512.1 1
6514.1 1
6515.1 1
6524.1 1
6528.1 2
6530.1 1
6531.1 2
6532.1 1
6534.1 3
6537.1 1
6542.1 2
6543.1 3
6544.1 1
6545.1 1
6549.1 2
6550.1 1
6553.1 1
6556.1 1
6558.1 2
6560.1 1
6562.1 1
6563.1 1
6565.1 2
6566.1 1
6567.1 1
6568.1 1
6569.1 1
6570.1 1
6571.1 2
6573.1 1
6575.1 2
6584.1 1
6589.1 2
6599.1 1
6600.1 2
6601.1 2
6604.1 2
6605.1 1
6606.1 3
6608.1 1
6609.1 3
6613.1 1
6617.1 1
6618.1 1
6619.1 2
6620.1 2
6621.1 1
6625.1 2
6626.1 1
6629.1 1
6630.1 1
6636.1 1
6641.1 1
6643.1 1
6645.1 2
6646.1 1
6648.1 1
6649.1 1
6653.1 1
6656.1 2
6660.1 1
6661.1 1
6662.1 1
6664.1 1
6668.1 1
6670.1 2
6672.1 1
6675.1 1
6676.1 1
6678.1 2
6679.1 1
6683.1 1
6684.1 1
6685.1 1
6688.1 1
6689.1 1
6690.1 1
6691.1 1
6692.1 1
6693.1 1
6694.1 1
6697.1 1
6699.1 1
6704.1 1
6706.1 2
6707.1 2
6710.1 2
6712.1 1
6718.1 1
6720.1 1
6724.1 2
6726.1 1
6727.1 1
6728.1 1
6730.1 1
6731.1 1
6732.1 3
6733.1 1
6737.1 3
6738.1 1
6740.1 1
6742.1 1
6746.1 1
6747.1 1
6748.1 1
6749.1 1
6750.1 1
6751.1 1
6754.1 1
6757.1 1
6758.1 1
6760.1 1
6762.1 1
6764.1 1
6765.1 1
6768.1 2
6770.1 1
6774.1 1
6778.1 2
6779.1 1
6780.1 1
6782.1 2
6783.1 1
6784.1 2
6786.1 1
6792.1 1
6793.1 1
6794.1 2
6795.1 1
6799.1 1
6800.1 1
6801.1 1
6804.1 1
6805.1 1
6811.1 2
6812.1 2
6813.1 1
6815.1 1
6816.1 1
6817.1 1
6818.1 2
6826.1 1
6827.1 1
6829.1 1
6830.1 1
6831.1 2
6836.1 1
6837.1 2
6838.1 1
6842.1 3
6844.1 2
6851.1 1
6852.1 1
6853.1 1
6855.1 1
6858.1 1
6859.1 1
6860.1 2
6861.1 3
6864.1 2
6865.1 2
6869.1 1
6871.1 1
6873.1 1
6876.1 1
6879.1 2
6880.1 1
6886.1 2
6887.1 1
6896.1 2
6901.1 1
6903.1 1
6906.1 1
6908.1 2
6909.1 1
6914.1 1
6915.1 1
6916.1 1
6917.1 3
6922.1 1
6924.1 1
6925.1 2
6926.1 1
6927.1 1
6928.1 2
6929.1 1
6930.1 2
6931.1 1
6933.1 1
6936.1 3
6937.1 1
6938.1 1
6940.1 1
6944.1 3
6945.1 1
6948.1 1
6952.1 2
6953.1 1
6955.1 2
6956.1 1
6960.1 1
6964.1 1
6965.1 2
6966.1 2
6968.1 1
6976.1 2
6977.1 2
6986.1 1
6987.1 2
6988.1 3
6989.1 1
6991.1 1
6992.1 1
6996.1 1
6997.1 2
7001.1 2
7002.1 1
7004.1 1
7005.1 2
7006.1 2
7008.1 1
7009.1 1
7010.1 2
7013.1 1
7014.1 1
7015.1 1
7016.1 1
7019.1 1
7021.1 1
7029.1 1
7031.1 3
7032.1 1
7035.1 2
7036.1 2
7037.1 1
7039.1 1
7040.1 2
7042.1 3
7044.1 1
7045.1 1
7049.1 1
7051.1 1
7054.1 1
7059.1 1
7061.1 1
7063.1 2
7064.1 2
7070.1 1
7074.1 2
7075.1 1
7077.1 1
7078.1 1
7084.1 1
7085.1 2
7087.1 2
7089.1 1
7090.1 1
7092.1 1
7094.1 2
7095.1 1
7096.1 1
7098.1 2
7100.1 1
7103.1 1
7104.1 1
7105.1 1
7108.1 1
7111.1 1
7115.1 1
7116.1 1
7122.1 1
7124.1 2
7126.1 1
7128.1 2
7129.1 1
7131.1 2
7133.1 1
7136.1 2
7137.1 1
7139.1 3
7143.1 1
7146.1 1
7148.1 1
7152.1 1
7153.1 1
7157.1 2
7159.1 1
7160.1 1
7161.1 1
7162.1 1
7166.1 1
7167.1 1
7168.1 1
7171.1 2
7174.1 1
7176.1 1
7177.1 1
7178.1 1
7180.1 1
7181.1 1
7190.1 1
7192.1 1
7198.1 1
7199.1 1
7204.1 1
7208.1 1
7210.1 1
7213.1 3
7216.1 1
7217.1 1
7220.1 2
7222.1 2
7223.1 2
7228.1 1
7234.1 1
7236.1 1
7237.1 1
7243.1 1
7248.1 1
7252.1 1
7254.1 1
7256.1 2
7257.1 1
7260.1 2
7261.1 1
7262.1 2
7264.1 1
7266.1 2
7267.1 1
7268.1 1
7269.1 1
7271.1 1
7273.1 1
7274.1 1
7275.1 1
7276.1 1
7277.1 1
7281.1 1
7282.1 1
7285.1 2
7286.1 1
7288.1 1
7289.1 1
7291.1 1
7297.1 1
7299.1 1
7300.1 1
7302.1 1
7303.1 1
7306.1 1
7312.1 1
7314.1 1
7315.1 1
7316.1 1
7317.1 1
7319.1 1
7320.1 1
7321.1 1
7322.1 1
7327.1 1
7329.1 1
7333.1 1
7335.1 1
7338.1 2
7340.1 2
7341.1 1
7342.1 1
7346.1 2
7349.1 3
7350.1 1
7354.1 1
7357.1 1
7358.1 1
7360.1 1
7361.1 1
7362.1 1
7363.1 1
7364.1 1
7365.1 2
7367.1 2
7370.1 1
7377.1 1
7378.1 1
7381.1 1
7383.1 1
7386.1 3
7387.1 1
7388.1 1
7389.1 1
7390.1 1
7393.1 1
7394.1 1
7395.1 1
7399.1 1
7403.1 2
7406.1 1
7411.1 1
7412.1 1
7413.1 1
7414.1 3
7416.1 1
7417.1 1
7418.1 1
7423.1 2
7424.1 1
7425.1 2
7427.1 2
7428.1 1
7435.1 2
7439.1 1
7445.1 1
7446.1 1
7447.1 1
7448.1 1
7453.1 1
7458.1 2
7459.1 1
7460.1 1
7463.1 1
7469.1 1
7470.1 2
7471.1 1
7475.1 1
7482.1 1
7487.1 1
7493.1 1
7494.1 2
7503.1 1
7504.1 2
7506.1 3
7509.1 1
7511.1 1
7512.1 1
7514.1 2
7516.1 1
7519.1 1
7522.1 2
7525.1 1
7526.1 1
7530.1 1
7533.1 1
7535.1 1
7539.1 2
7545.1 1
7550.1 1
7560.1 1
7563.1 1
7567.1 2
7575.1 1
7577.1 1
7578.1 1
7579.1 3
7580.1 1
7581.1 1
7583.1 1
7584.1 2
7586.1 2
7591.1 2
7592.1 1
7595.1 1
7596.1 2
7598.1 1
7600.1 3
7601.1 1
7602.1 1
7607.1 1
7608.1 1
7609.1 1
7610.1 1
7611.1 1
7613.1 1
7618.1 1
7621.1 1
7622.1 1
7632.1 1
7633.1 1
7634.1 3
7635.1 3
7636.1 1
7639.1 1
7640.1 2
7641.1 1
7642.1 2
7644.1 1
7648.1 2
7649.1 1
7656.1 1
7657.1 1
7665.1 1
7670.1 1
7671.1 1
7672.1 1
7677.1 1
7680.1 1
7683.1 1
7685.1 1
7687.1 1
7692.1 1
7694.1 1
7697.1 1
7700.1 1
7701.1 1
7704.1 1
7705.1 1
7710.1 1
7712.1 1
7713.1 1
7714.1 1
7715.1 1
7718.1 1
7719.1 2
7723.1 1
7724.1 1
7728.1 1
7733.1 1
7737.1 1
7738.1 1
7740.1 1
7746.1 1
7747.1 1
7748.1 1
7749.1 1
7751.1 1
7752.1 1
7753.1 1
7755.1 1
7760.1 2
7762.1 1
7764.1 1
7770.1 1
7771.1 1
7776.1 1
7780.1 1
7782.1 1
7784.1 1
7791.1 2
7794.1 1
7796.1 1
7797.1 1
7798.1 2
7799.1 1
7801.1 1
7803.1 1
7804.1 1
7809.1 2
7813.1 1
7814.1 1
7816.1 1
7817.1 1
7819.1 3
7821.1 1
7822.1 2
7829.1 2
7830.1 1
7832.1 1
7835.1 1
7837.1 1
7838.1 1
7841.1 1
7844.1 1
7848.1 1
7854.1 2
7859.1 1
7861.1 1
7862.1 2
7863.1 1
7864.1 1
7877.1 1
7878.1 2
7887.1 2
7891.1 1
7893.1 1
7899.1 1
7901.1 1
7907.1 1
7910.1 1
7914.1 1
7915.1 2
7916.1 1
7918.1 1
7924.1 3
7927.1 1
7928.1 1
7930.1 1
7934.1 2
7935.1 1
7938.1 1
7940.1 1
7941.1 1
7942.1 2
7944.1 1
7947.1 1
7948.1 1
7953.1 1
7954.1 1
7957.1 1
7958.1 2
7973.1 1
7978.1 1
7979.1 1
7990.1 1
7991.1 1
7999.1 1
8007.1 1
8008.1 1
8009.1 1
8010.1 2
8012.1 1
8013.1 1
8015.1 1
8016.1 1
8021.1 2
8022.1 1
8024.1 1
8031.1 1
8032.1 1
8034.1 1
8042.1 1
8043.1 1
8048.1 1
8052.1 1
8053.1 2
8057.1 2
8061.1 1
8062.1 1
8064.1 1
8065.1 1
8066.1 1
8067.1 2
8069.1 1
8076.1 1
8079.1 2
8084.1 1
8085.1 1
8089.1 1
8092.1 1
8093.1 1
8094.1 1
8095.1 1
8096.1 1
8099.1 1
8102.1 1
8103.1 2
8104.1 1
8105.1 1
8106.1 2
8110.1 1
8113.1 1
8117.1 1
8119.1 1
8128.1 1
8129.1 1
8133.1 1
8137.1 2
8138.1 1
8142.1 1
8155.1 1
8156.1 1
8158.1 1
8159.1 1
8160.1 1
8163.1 1
8166.1 1
8167.1 1
8172.1 4
8176.1 1
8179.1 1
8180.1 1
8181.1 1
8183.1 1
8184.1 1
8186.1 2
8190.1 1
8191.1 1
8193.1 1
8195.1 1
8202.1 1
8204.1 1
8207.1 1
8210.1 1
8212.1 1
8215.1 1
8216.1 1
8218.1 1
8222.1 1
8229.1 1
8231.1 1
8235.1 1
8236.1 1
8237.1 2
8238.1 1
8240.1 1
8241.1 1
8242.1 1
8243.1 1
8244.1 4
8245.1 1
8247.1 1
8252.1 1
8255.1 1
8257.1 1
8264.1 1
8266.1 2
8271.1 1
8273.1 1
8274.1 2
8278.1 1
8280.1 1
8282.1 2
8284.1 1
8288.1 1
8292.1 1
8298.1 1
8299.1 1
8300.1 1
8304.1 1
8306.1 1
8316.1 1
8322.1 1
8327.1 2
8328.1 1
8329.1 1
8331.1 1
8333.1 1
8334.1 1
8337.1 2
8338.1 1
8339.1 1
8340.1 1
8342.1 1
8356.1 1
8359.1 1
8360.1 1
8363.1 2
8370.1 1
8372.1 1
8374.1 1
8376.1 1
8377.1 1
8378.1 1
8379.1 1
8382.1 1
8384.1 1
8387.1 1
8390.1 1
8394.1 1
8402.1 1
8407.1 1
8408.1 1
8410.1 3
8411.1 1
8413.1 1
8414.1 2
8419.1 1
8422.1 1
8426.1 1
8427.1 1
8428.1 2
8429.1 1
8433.1 1
8435.1 1
8438.1 1
8441.1 1
8444.1 2
8450.1 1
8452.1 2
8459.1 1
8460.1 1
8462.1 1
8470.1 1
8472.1 1
8475.1 1
8477.1 2
8478.1 1
8479.1 1
8481.1 1
8482.1 1
8485.1 1
8487.1 1
8494.1 1
8495.1 1
8501.1 1
8507.1 2
8508.1 1
8514.1 1
8516.1 1
8519.1 1
8522.1 1
8523.1 1
8530.1 1
8535.1 1
8539.1 1
8543.1 1
8548.1 1
8553.1 1
8558.1 1
8559.1 1
8563.1 1
8566.1 1
8576.1 1
8577.1 1
8580.1 1
8583.1 1
8588.1 1
8589.1 1
8590.1 1
8599.1 1
8603.1 1
8606.1 1
8609.1 3
8618.1 1
8621.1 1
8629.1 1
8643.1 2
8646.1 2
8649.1 2
8652.1 1
8654.1 1
8663.1 1
8665.1 2
8671.1 1
8674.1 1
8686.1 1
8687.1 1
8688.1 1
8691.1 1
8694.1 2
8705.1 1
8706.1 2
8715.1 2
8721.1 1
8722.1 1
8723.1 1
8728.1 1
8731.1 1
8732.1 1
8739.1 1
8740.1 1
8742.1 1
8745.1 1
8753.1 1
8760.1 1
8761.1 1
8762.1 1
8767.1 1
8775.1 1
8779.1 1
8780.1 1
8782.1 1
8783.1 1
8796.1 1
8797.1 1
8799.1 2
8800.1 1
8808.1 1
8810.1 1
8813.1 1
8814.1 1
8823.1 1
8827.1 1
8829.1 1
8831.1 2
8832.1 1
8833.1 1
8839.1 2
8840.1 1
8841.1 1
8843.1 2
8844.1 1
8845.1 1
8846.1 1
8847.1 1
8855.1 1
8856.1 1
8858.1 1
8861.1 2
8862.1 1
8865.1 1
8866.1 1
8868.1 1
8869.1 1
8871.1 1
8885.1 3
8889.1 2
8892.1 1
8894.1 1
8895.1 3
8898.1 1
8901.1 1
8908.1 1
8910.1 1
8916.1 1
8921.1 1
8923.1 1
8927.1 2
8928.1 2
8929.1 1
8931.1 1
8936.1 1
8939.1 1
8940.1 1
8943.1 1
8949.1 1
8957.1 1
8960.1 1
8963.1 1
8971.1 3
8973.1 1
8979.1 1
8982.1 1
8984.1 1
8987.1 2
8990.1 2
8995.1 5
8996.1 1
8998.1 1
9000.1 1
9001.1 1
9003.1 1
9005.1 2
9012.1 1
9018.1 1
9023.1 1
9028.1 1
9038.1 1
9044.1 1
9046.1 1
9054.1 1
9055.1 1
9062.1 1
9063.1 2
9065.1 2
9067.1 2
9080.1 1
9088.1 1
9089.1 1
9096.1 1
9097.1 1
9098.1 1
9100.1 1
9102.1 1
9104.1 1
9109.1 1
9112.1 1
9118.1 1
9120.1 1
9124.1 1
9125.1 1
9130.1 1
9132.1 1
9134.1 1
9157.1 1
9159.1 1
9164.1 1
9165.1 1
9172.1 1
9175.1 1
9178.1 1
9181.1 1
9183.1 1
9190.1 1
9193.1 1
9196.1 1
9200.1 1
9210.1 1
9211.1 1
9213.1 1
9214.1 1
9216.1 1
9229.1 1
9236.1 1
9241.1 1
9247.1 2
9248.1 3
9249.1 1
9256.1 1
9263.1 1
9266.1 1
9267.1 2
9273.1 3
9282.1 1
9293.1 1
9296.1 1
9298.1 3
9309.1 2
9310.1 2
9311.1 1
9314.1 1
9323.1 1
9325.1 1
9333.1 1
9339.1 2
9343.1 1
9355.1 1
9363.1 1
9366.1 1
9369.1 1
9370.1 1
9381.1 1
9392.1 1
9404.1 1
9405.1 1
9412.1 1
9415.1 1
9423.1 1
9427.1 1
9440.1 1
9450.1 1
9456.1 1
9457.1 1
9460.1 2
9461.1 1
9463.1 1
9464.1 1
9473.1 1
9485.1 1
9496.1 1
9502.1 1
9507.1 1
9508.1 1
9514.1 1
9515.1 1
9517.1 1
9521.1 1
9524.1 1
9529.1 2
9538.1 1
9541.1 1
9547.1 1
9553.1 1
9554.1 3
9555.1 1
9556.1 1
9557.1 1
9559.1 2
9571.1 1
9575.1 2
9578.1 1
9583.1 1
9585.1 1
9588.1 1
9589.1 1
9597.1 1
9598.1 1
9617.1 1
9618.1 1
9623.1 1
9626.1 1
9630.1 1
9635.1 1
9638.1 2
9647.1 2
9648.1 1
9649.1 1
9657.1 1
9658.1 1
9659.1 1
9669.1 1
9682.1 1
9683.1 1
9685.1 1
9686.1 1
9691.1 1
9694.1 1
9704.1 1
9707.1 1
9709.1 1
9711.1 1
9715.1 1
9718.1 2
9731.1 1
9733.1 1
9735.1 1
9744.1 1
9750.1 1
9752.1 1
9754.1 1
9760.1 1
9761.1 1
9767.1 2
9771.1 2
9775.1 1
9776.1 1
9779.1 2
9780.1 1
9781.1 1
9787.1 1
9795.1 1
9809.1 1
9816.1 1
9825.1 1
9826.1 2
9831.1 1
9839.1 1
9844.1 1
9850.1 1
9852.1 1
9860.1 1
9861.1 1
9867.1 1
9869.1 1
9870.1 1
9885.1 1
9887.1 1
9905.1 1
9916.1 1
9917.1 1
9919.1 1
9929.1 1
9931.1 1
9934.1 1
9935.1 1
9940.1 1
9948.1 1
9949.1 1
9951.1 1
9970.1 1
9978.1 1
9980.1 1
9995.1 1
10003.1 1
10013.1 1
10019.1 1
10022.1 2
10027.1 2
10029.1 1
10032.1 1
10045.1 1
10046.1 1
10049.1 1
10053.1 1
10055.1 1
10060.1 1
10063.1 1
10064.1 1
10069.1 1
10076.1 1
10084.1 1
10087.1 1
10089.1 1
10090.1 1
10091.1 1
10096.1 1
10097.1 1
10102.1 1
10103.1 1
10117.1 1
10121.1 1
10123.1 1
10131.1 1
10132.1 1
10135.1 1
10144.1 1
10160.1 1
10161.1 1
10164.1 1
10172.1 2
10176.1 1
10178.1 1
10185.1 1
10190.1 2
10192.1 1
10196.1 1
10204.1 1
10205.1 1
10206.1 1
10215.1 1
10217.1 2
10228.1 1
10237.1 1
10244.1 1
10245.1 1
10246.1 1
10247.1 1
10254.1 1
10274.1 1
10277.1 2
10283.1 1
10289.1 1
10293.1 2
10294.1 1
10298.1 2
10303.1 1
10311.1 1
10319.1 3
10336.1 1
10347.1 1
10359.1 2
10360.1 1
10377.1 1
10389.1 1
10390.1 1
10406.1 1
10410.1 1
10422.1 1
10426.1 1
10444.1 1
10448.1 2
10449.1 1
10457.1 1
10463.1 1
10477.1 1
10481.1 1
10486.1 1
10488.1 1
10490.1 1
10501.1 2
10516.1 1
10517.1 1
10520.1 1
10523.1 1
10535.1 1
10536.1 1
10547.1 1
10551.1 1
10574.1 2
10579.1 1
10581.1 1
10582.1 1
10590.1 1
10591.1 1
10598.1 2
10599.1 1
10600.1 1
10603.1 1
10610.1 1
10611.1 1
10613.1 1
10614.1 1
10615.1 1
10622.1 1
10635.1 1
10640.1 1
10648.1 1
10656.1 1
10665.1 1
10677.1 1
10679.1 1
10681.1 1
10688.1 1
10690.1 1
10695.1 1
10698.1 1
10705.1 2
10710.1 1
10716.1 1
10723.1 1
10742.1 1
10744.1 1
10747.1 2
10753.1 1
10761.1 1
10767.1 1
10772.1 1
10778.1 1
10804.1 1
10806.1 1
10810.1 1
10816.1 1
10817.1 1
10824.1 1
10828.1 1
10834.1 1
10848.1 1
10856.1 1
10864.1 1
10869.1 1
10871.1 2
10873.1 1
10880.1 1
10893.1 1
10896.1 1
10902.1 1
10909.1 1
10922.1 1
10936.1 1
10953.1 1
10958.1 1
10996.1 1
10998.1 1
11004.1 1
11005.1 1
11011.1 1
11021.1 1
11026.1 1
11032.1 1
11042.1 1
11045.1 1
11057.1 1
11059.1 2
11077.1 1
11080.1 1
11096.1 1
11105.1 1
11107.1 1
11116.1 1
11118.1 1
11129.1 1
11131.1 1
11145.1 1
11149.1 2
11160.1 1
11165.1 2
11172.1 2
11174.1 1
11185.1 1
11240.1 1
11244.1 1
11257.1 1
11263.1 2
11272.1 2
11273.1 1
11274.1 1
11284.1 1
11296.1 2
11298.1 1
11300.1 1
11313.1 1
11337.1 1
11344.1 1
11353.1 1
11360.1 1
11365.1 1
11379.1 1
11382.1 1
11385.1 1
11404.1 1
11408.1 1
11410.1 1
11426.1 1
11445.1 1
11458.1 1
11462.1 1
11469.1 1
11484.1 2
11491.1 1
11493.1 1
11495.1 1
11498.1 1
11499.1 1
11503.1 1
11507.1 1
11512.1 1
11516.1 1
11545.1 1
11546.1 1
11549.1 1
11571.1 1
11574.1 1
11582.1 1
11583.1 1
11591.1 1
11599.1 1
11606.1 1
11622.1 1
11624.1 1
11629.1 1
11636.1 1
11640.1 1
11649.1 1
11669.1 1
11670.1 1
11671.1 1
11685.1 1
11686.1 1
11691.1 1
11706.1 1
11711.1 1
11721.1 2
11732.1 1
11750.1 1
11754.1 1
11762.1 1
11763.1 1
11770.1 1
11782.1 1
11798.1 1
11803.1 1
11808.1 1
11825.1 1
11826.1 1
11837.1 1
11849.1 1
11851.1 1
11854.1 2
11877.1 1
11887.1 1
11901.1 2
11913.1 1
11938.1 1
11940.1 1
11949.1 1
11961.1 1
11967.1 1
11977.1 1
11995.1 2
11997.1 1
12001.1 1
12005.1 2
12030.1 1
12031.1 1
12052.1 1
12056.1 1
12064.1 1
12072.1 1
12084.1 1
12085.1 1
12087.1 2
12097.1 1
12102.1 1
12134.1 1
12149.1 1
12152.1 1
12166.1 1
12171.1 1
12175.1 3
12183.1 1
12186.1 2
12189.1 1
12205.1 1
12213.1 1
12214.1 1
12221.1 1
12232.1 1
12234.1 1
12241.1 1
12257.1 2
12276.1 1
12281.1 1
12282.1 1
12344.1 1
12374.1 1
12385.1 1
12386.1 1
12395.1 1
12408.1 1
12417.1 1
12426.1 1
12447.1 1
12454.1 1
12458.1 1
12493.1 1
12494.1 1
12500.1 1
12569.1 1
12584.1 1
12591.1 2
12616.1 1
12644.1 1
12647.1 1
12653.1 1
12679.1 1
12705.1 1
12710.1 1
12720.1 1
12723.1 1
12736.1 1
12739.1 1
12740.1 1
12759.1 1
12764.1 1
12771.1 1
12777.1 1
12778.1 1
12807.1 1
12809.1 1
12818.1 1
12828.1 3
12835.1 1
12845.1 1
12854.1 1
12882.1 1
12889.1 1
12895.1 1
12903.1 1
12908.1 1
12914.1 1
12918.1 1
12923.1 1
12928.1 1
12929.1 1
12935.1 1
12939.1 1
12940.1 1
12943.1 1
12954.1 1
12980.1 1
12987.1 2
12994.1 2
13021.1 1
13023.1 1
13048.1 1
13058.1 2
13091.1 1
13102.1 1
13105.1 1
13111.1 1
13116.1 1
13129.1 1
13145.1 1
13147.1 1
13152.1 1
13158.1 1
13172.1 1
13186.1 1
13190.1 1
13200.1 1
13203.1 1
13237.1 1
13252.1 1
13278.1 1
13283.1 1
13293.1 1
13304.1 1
13306.1 1
13336.1 1
13341.1 1
13344.1 1
13346.1 1
13349.1 1
13355.1 1
13373.1 1
13381.1 1
13386.1 1
13409.1 1
13446.1 1
13464.1 1
13466.1 1
13493.1 1
13497.1 1
13504.1 1
13512.1 1
13519.1 1
13521.1 1
13523.1 1
13537.1 1
13538.1 1
13574.1 1
13576.1 1
13579.1 1
13596.1 1
13602.1 1
13605.1 1
13613.1 1
13620.1 1
13631.1 2
13653.1 1
13664.1 1
13670.1 1
13677.1 1
13679.1 1
13687.1 1
13693.1 1
13718.1 1
13722.1 1
13729.1 1
13748.1 1
13778.1 1
13799.1 1
13809.1 1
13828.1 1
13829.1 1
13841.1 1
13852.1 1
13866.1 1
13884.1 1
13888.1 1
13901.1 1
13905.1 1
13906.1 1
13913.1 1
13925.1 1
13937.1 1
13966.1 1
13985.1 1
13996.1 1
14005.1 1
14026.1 1
14067.1 1
14086.1 1
14111.1 1
14114.1 1
14115.1 1
14148.1 1
14176.1 1
14192.1 1
14204.1 1
14267.1 1
14269.1 1
14277.1 1
14341.1 2
14417.1 1
14419.1 1
14441.1 1
14478.1 1
14484.1 1
14522.1 1
14538.1 1
14559.1 1
14570.1 1
14609.1 1
14623.1 1
14630.1 1
14635.1 1
14642.1 1
14682.1 1
14683.1 1
14693.1 1
14712.1 1
14713.1 1
14732.1 1
14751.1 1
14772.1 1
14782.1 1
14803.1 1
14815.1 1
14848.1 1
14861.1 1
14879.1 1
14883.1 1
14923.1 1
14940.1 1
14943.1 1
14948.1 2
14981.1 1
15005.1 1
15015.1 1
15040.1 1
15078.1 1
15115.1 1
15145.1 1
15166.1 1
15184.1 1
15190.1 1
15200.1 1
15242.1 2
15244.1 1
15245.1 1
15254.1 1
15261.1 1
15263.1 1
15266.1 1
15269.1 1
15277.1 1
15278.1 1
15283.1 1
15301.1 1
15314.1 1
15323.1 1
15324.1 1
15340.1 1
15361.1 1
15371.1 1
15416.1 1
15432.1 1
15433.1 1
15453.1 1
15480.1 1
15508.1 1
15523.1 1
15536.1 1
15538.1 1
15566.1 1
15597.1 1
15604.1 1
15650.1 1
15707.1 1
15710.1 1
15724.1 1
15761.1 1
15808.1 1
15821.1 1
15823.1 1
15833.1 1
15849.1 1
15923.1 1
15965.1 1
15996.1 1
16000.1 1
16002.1 1
16009.1 1
16011.1 1
16035.1 1
16089.1 1
16254.1 1
16256.1 1
16289.1 1
16300.1 1
16322.1 3
16388.1 1
16389.1 1
16434.1 1
16456.1 1
16483.1 1
16497.1 1
16515.1 1
16544.1 1
16550.1 1
16563.1 1
16566.1 1
16622.1 1
16632.1 1
16661.1 2
16667.1 1
16692.1 1
16774.1 1
16779.1 1
16787.1 1
16824.1 1
16847.1 1
16875.1 1
16917.1 1
16941.1 1
16974.1 1
17038.1 1
17142.1 1
17163.1 1
17176.1 1
17220.1 2
17233.1 1
17238.1 1
17242.1 1
17245.1 1
17268.1 1
17323.1 2
17355.1 1
17365.1 1
17421.1 1
17473.1 1
17495.1 1
17501.1 1
17509.1 1
17510.1 1
17533.1 1
17558.1 1
17559.1 1
17623.1 1
17631.1 1
17639.1 1
17665.1 1
17681.1 1
17722.1 1
17728.1 1
17743.1 1
17774.1 1
17866.1 1
17915.1 1
17916.1 1
17957.1 1
17970.1 1
18001.1 1
18006.1 1
18009.1 1
18013.1 1
18021.1 1
18040.1 1
18041.1 1
18045.1 1
18061.1 1
18075.1 1
18094.1 1
18113.1 1
18274.1 1
18298.1 1
18311.1 1
18321.1 2
18329.1 1
18342.1 1
18423.1 1
18484.1 1
18510.1 1
18531.1 1
18533.1 1
18595.1 1
18668.1 1
18688.1 1
18703.1 1
18774.1 1
18793.1 1
18829.1 1
18832.1 1
18872.1 1
18921.1 1
18963.1 2
19013.1 1
19078.1 2
19083.1 1
19204.1 1
19208.1 1
19219.1 1
19317.1 1
19318.1 1
19344.1 1
19417.1 1
19475.1 1
19498.1 1
19543.1 1
19547.1 1
19604.1 1
19647.1 1
19674.1 1
19768.1 1
19776.1 1
19790.1 1
19800.1 1
19813.1 1
19824.1 1
19981.1 1
19994.1 1
20117.1 1
20159.1 1
20189.1 1
20213.1 1
20219.1 1
20277.1 1
20279.1 1
20285.1 1
20292.1 1
20319.1 1
20337.1 1
20350.1 1
20352.1 1
20358.1 2
20361.1 1
20397.1 1
20400.1 1
20409.1 1
20457.1 2
20492.1 1
20518.1 1
20649.1 1
20697.1 1
20870.1 1
20882.1 1
21080.1 1
21086.1 1
21111.1 1
21299.1 1
21313.1 1
21773.1 1
21879.1 1
21889.1 1
21900.1 1
21921.1 1
21927.1 1
21932.1 1
22530.1 1
22534.1 1
22618.1 1
22644.1 1
22645.1 1
22771.1 1
23031.1 1
23056.1 1
23144.1 1
23150.1 1
23151.1 1
23262.1 1
23362.1 1
23429.1 1
23529.1 1
23586.1 1
23683.1 1
23685.1 1
23774.1 1
23868.1 1
23903.1 1
24022.1 1
24051.1 1
24080.1 1
24086.1 1
24092.1 1
24095.1 1
24143.1 1
24155.1 1
24179.1 1
24665.1 1
24773.1 1
24886.1 1
24897.1 1
25045.1 1
25058.1 1
25102.1 1
25105.1 1
25169.1 1
25237.1 1
25240.1 1
25296.1 1
25334.1 1
25487.1 1
25533.1 1
25639.1 1
25800.1 1
25817.1 2
25996.1 1
26337.1 1
26343.1 1
26493.1 1
26617.1 1
26957.1 1
27537.1 1
27552.1 1
27680.1 1
27769.1 1
27877.1 1
27912.1 1
28080.1 1
28347.1 1
28406.1 1
28501.1 1
28590.1 1
28737.1 1
28805.1 1
29057.1 1
29160.1 1
29180.1 2
29183.1 1
29425.1 1
29546.1 1
29822.1 1
29905.1 1
29934.1 1
29977.1 1
30247.1 1
30457.1 1
30663.1 1
30785.1 1
30997.1 1
31341.1 1
31386.1 1
31440.1 1
31758.1 1
31937.1 1
32501.1 1
32761.1 1
33256.1 1
33389.1 1
33429.1 1
33456.1 1
33480.1 1
33724.1 1
33851.1 1
34389.1 1
34564.1 1
34767.1 2
36704.1 1
37124.1 1
37359.1 1
37496.1 1
38461.1 1
38674.1 1
38703.1 1
38883.1 1
39071.1 1
39106.1 1
39474.1 1
39669.1 1
39733.1 1
39900.1 2
40041.1 1
40287.1 1
40682.1 1
42130.1 1
43942.1 1
44470.1 1
44854.1 1
44939.1 1
44946.1 1
45059.1 1
45147.1 1
45466.1 1
45636.1 1
46009.1 1
46107.1 1
48218.1 1
49008.1 1
51238.1 1
52257.1 1
52753.1 1
53954.1 1
56143.1 1
56679.1 1
56811.1 1
57637.1 1
59695.1 1
64632.1 1
66107.1 1
66287.1 1
67088.1 1
67193.1 1
68636.1 1
68732.1 1
70429.1 1
70602.1 1
71680.1 1
72221.1 1
72955.1 1
74922.1 1
76640.1 1
99025.1 1
100706.1 1
