1 6511301
2 2356469
3 1244083
4 796573
5 560647
6 420517
7 329229
8 265632
9 220718
10 185238
11 159264
12 137890
13 120866
14 107377
15 96180
16 86057
17 77760
18 70428
19 64885
20 59245
21 55203
22 50770
23 47227
24 43720
25 41016
26 38476
27 36156
28 34089
29 31983
30 30171
31 28456
32 26794
33 25706
34 24530
35 23147
36 22259
37 21161
38 20184
39 19314
40 18543
41 17585
42 16991
43 16328
44 15877
45 15026
46 14455
47 13894
48 13441
49 13406
50 12692
51 12239
52 11767
53 11549
54 11015
55 10671
56 10515
57 10065
58 9668
59 9333
60 9107
61 8861
62 8828
63 8284
64 8124
65 7929
66 7678
67 7507
68 7244
69 7312
70 6972
71 6839
72 6719
73 6516
74 6260
75 6254
76 6035
77 5861
78 5691
79 5488
80 5582
81 5330
82 5280
83 5083
84 4990
85 4780
86 4885
87 4721
88 4617
89 4544
90 4439
91 4372
92 4311
93 4045
94 4093
95 3921
96 3864
97 3872
98 3833
99 3652
100 3684
101 3512
102 3546
103 3455
104 3370
105 3298
106 3273
107 3335
108 3196
109 3202
110 3038
111 2965
112 2954
113 3001
114 2899
115 2737
116 2846
117 2756
118 2696
119 2674
120 2596
121 2638
122 2574
123 2560
124 2486
125 2385
126 2400
127 2356
128 2299
129 2284
130 2258
131 2280
132 2278
133 2115
134 2134
135 2109
136 2038
137 1960
138 2074
139 1930
140 2020
141 1899
142 1889
143 1853
144 1883
145 1885
146 1835
147 1803
148 1669
149 1725
150 1755
151 1750
152 1708
153 1613
154 1611
155 1556
156 1587
157 1615
158 1588
159 1553
160 1513
161 1507
162 1529
163 1490
164 1458
165 1400
166 1389
167 1456
168 1390
169 1406
170 1322
171 1325
172 1343
173 1270
174 1242
175 1315
176 1246
177 1185
178 1216
179 1212
180 1282
181 1134
182 1206
183 1129
184 1179
185 1140
186 1124
187 1133
188 1101
189 1083
190 1073
191 1094
192 1085
193 1072
194 1097
195 1071
196 1055
197 1008
198 986
199 1013
200 958
201 1021
202 970
203 990
204 922
205 970
206 988
207 922
208 924
209 943
210 946
211 929
212 886
213 841
214 879
215 892
216 856
217 831
218 799
219 797
220 816
221 801
222 860
223 835
224 790
225 767
226 788
227 805
228 763
229 819
230 783
231 734
232 726
233 722
234 765
235 715
236 749
237 729
238 716
239 693
240 694
241 706
242 676
243 712
244 622
245 670
246 667
247 691
248 637
249 632
250 632
251 656
252 657
253 617
254 620
255 592
256 587
257 637
258 588
259 608
260 586
261 572
262 619
263 574
264 637
265 549
266 592
267 538
268 565
269 525
270 554
271 582
272 542
273 514
274 537
275 553
276 527
277 542
278 530
279 526
280 556
281 496
282 529
283 504
284 488
285 482
286 497
287 496
288 467
289 476
290 448
291 424
292 459
293 485
294 479
295 481
296 447
297 445
298 425
299 446
300 438
301 463
302 426
303 462
304 450
305 447
306 418
307 441
308 388
309 427
310 399
311 408
312 418
313 419
314 382
315 403
316 414
317 420
318 394
319 407
320 381
321 381
322 358
323 406
324 374
325 375
326 337
327 421
328 373
329 367
330 364
331 349
332 360
333 369
334 384
335 373
336 347
337 343
338 346
339 307
340 333
341 364
342 329
343 336
344 326
345 329
346 325
347 338
348 352
349 320
350 338
351 328
352 294
353 309
354 296
355 280
356 313
357 314
358 281
359 318
360 304
361 303
362 289
363 293
364 328
365 303
366 276
367 285
368 305
369 267
370 307
371 270
372 272
373 255
374 313
375 280
376 274
377 270
378 254
379 290
380 270
381 277
382 299
383 292
384 285
385 284
386 282
387 262
388 263
389 266
390 246
391 253
392 235
393 233
394 262
395 262
396 270
397 239
398 250
399 232
400 260
401 248
402 233
403 241
404 235
405 245
406 215
407 229
408 245
409 243
410 229
411 219
412 214
413 251
414 228
415 209
416 214
417 223
418 221
419 228
420 215
421 214
422 251
423 200
424 216
425 219
426 216
427 213
428 222
429 244
430 224
431 228
432 217
433 235
434 180
435 219
436 195
437 188
438 196
439 207
440 224
441 217
442 187
443 202
444 188
445 190
446 200
447 171
448 209
449 183
450 194
451 184
452 220
453 174
454 199
455 218
456 179
457 214
458 190
459 165
460 200
461 187
462 218
463 178
464 185
465 189
466 191
467 150
468 207
469 189
470 204
471 167
472 167
473 165
474 197
475 175
476 173
477 163
478 164
479 168
480 153
481 166
482 162
483 149
484 158
485 202
486 159
487 154
488 152
489 177
490 173
491 172
492 172
493 165
494 162
495 145
496 186
497 169
498 180
499 138
500 155
501 149
502 148
503 163
504 140
505 149
506 157
507 140
508 153
509 151
510 165
511 149
512 173
513 144
514 144
515 145
516 122
517 133
518 148
519 173
520 157
521 139
522 152
523 159
524 140
525 141
526 149
527 130
528 130
529 131
530 124
531 116
532 160
533 136
534 132
535 132
536 151
537 143
538 112
539 135
540 128
541 137
542 144
543 143
544 134
545 119
546 149
547 125
548 144
549 137
550 120
551 151
552 114
553 144
554 138
555 135
556 122
557 119
558 117
559 111
560 114
561 109
562 102
563 128
564 132
565 124
566 110
567 115
568 131
569 123
570 105
571 127
572 120
573 117
574 98
575 124
576 118
577 107
578 126
579 105
580 102
581 93
582 110
583 110
584 121
585 116
586 125
587 80
588 105
589 120
590 95
591 131
592 108
593 118
594 100
595 96
596 92
597 95
598 108
599 115
600 104
601 98
602 101
603 104
604 91
605 98
606 128
607 125
608 91
609 98
610 116
611 118
612 87
613 95
614 104
615 98
616 82
617 115
618 130
619 88
620 96
621 106
622 114
623 95
624 76
625 91
626 96
627 91
628 105
629 84
630 102
631 80
632 104
633 98
634 82
635 95
636 103
637 99
638 63
639 90
640 96
641 87
642 100
643 80
644 78
645 77
646 86
647 79
648 77
649 73
650 76
651 85
652 97
653 78
654 72
655 78
656 87
657 110
658 78
659 77
660 83
661 92
662 69
663 89
664 82
665 81
666 72
667 82
668 98
669 75
670 78
671 78
672 69
673 94
674 88
675 91
676 78
677 91
678 86
679 97
680 76
681 78
682 72
683 77
684 85
685 98
686 67
687 70
688 60
689 74
690 87
691 60
692 68
693 66
694 75
695 68
696 80
697 77
698 67
699 73
700 80
701 84
702 81
703 63
704 65
705 68
706 79
707 55
708 71
709 76
710 59
711 67
712 67
713 59
714 75
715 85
716 76
717 85
718 66
719 66
720 61
721 61
722 68
723 65
724 59
725 84
726 75
727 59
728 63
729 74
730 60
731 63
732 60
733 67
734 91
735 61
736 57
737 63
738 63
739 67
740 63
741 75
742 48
743 62
744 66
745 78
746 60
747 67
748 63
749 53
750 55
751 76
752 55
753 44
754 67
755 63
756 77
757 75
758 57
759 68
760 72
761 55
762 54
763 58
764 57
765 50
766 51
767 67
768 66
769 61
770 64
771 63
772 71
773 65
774 42
775 69
776 51
777 66
778 70
779 73
780 47
781 72
782 56
783 60
784 68
785 71
786 56
787 62
788 60
789 56
790 50
791 60
792 48
793 52
794 59
795 57
796 59
797 35
798 51
799 60
800 45
801 47
802 60
803 49
804 61
805 49
806 54
807 37
808 56
809 58
810 60
811 54
812 54
813 48
814 55
815 40
816 51
817 48
818 57
819 61
820 45
821 57
822 38
823 50
824 50
825 57
826 47
827 49
828 49
829 58
830 53
831 48
832 46
833 57
834 57
835 55
836 47
837 53
838 45
839 41
840 45
841 48
842 55
843 47
844 55
845 61
846 58
847 55
848 46
849 48
850 43
851 38
852 43
853 49
854 56
855 35
856 55
857 58
858 39
859 48
860 41
861 43
862 49
863 40
864 51
865 51
866 45
867 46
868 32
869 51
870 49
871 36
872 38
873 48
874 40
875 49
876 44
877 41
878 40
879 50
880 33
881 47
882 50
883 48
884 47
885 39
886 49
887 35
888 46
889 30
890 30
891 41
892 50
893 42
894 45
895 41
896 50
897 32
898 41
899 50
900 39
901 40
902 33
903 40
904 39
905 27
906 52
907 48
908 42
909 49
910 43
911 51
912 42
913 39
914 36
915 40
916 34
917 40
918 50
919 34
920 43
921 37
922 37
923 34
924 55
925 38
926 37
927 42
928 44
929 48
930 31
931 45
932 38
933 37
934 47
935 40
936 39
937 35
938 40
939 44
940 42
941 38
942 39
943 30
944 42
945 40
946 46
947 41
948 39
949 38
950 26
951 44
952 45
953 44
954 40
955 46
956 25
957 43
958 42
959 37
960 36
961 34
962 21
963 35
964 30
965 41
966 30
967 28
968 35
969 34
970 35
971 39
972 37
973 49
974 31
975 36
976 35
977 36
978 35
979 40
980 38
981 35
982 33
983 33
984 33
985 33
986 36
987 34
988 35
989 33
990 31
991 35
992 30
993 33
994 41
995 33
996 30
997 29
998 29
999 30
1000 26
1001 30
1002 39
1003 34
1004 29
1005 34
1006 30
1007 26
1008 38
1009 44
1010 28
1011 30
1012 35
1013 22
1014 28
1015 34
1016 31
1017 24
1018 34
1019 35
1020 31
1021 31
1022 35
1023 30
1024 28
1025 24
1026 38
1027 26
1028 20
1029 32
1030 36
1031 34
1032 34
1033 37
1034 32
1035 43
1036 26
1037 40
1038 25
1039 25
1040 35
1041 29
1042 35
1043 33
1044 35
1045 34
1046 37
1047 39
1048 25
1049 23
1050 22
1051 37
1052 33
1053 32
1054 43
1055 31
1056 28
1057 29
1058 38
1059 35
1060 27
1061 23
1062 30
1063 35
1064 31
1065 31
1066 32
1067 30
1068 28
1069 34
1070 26
1071 35
1072 25
1073 27
1074 34
1075 30
1076 34
1077 23
1078 22
1079 28
1080 33
1081 24
1082 21
1083 31
1084 29
1085 27
1086 17
1087 28
1088 33
1089 29
1090 18
1091 34
1092 27
1093 25
1094 32
1095 27
1096 33
1097 27
1098 23
1099 24
1100 24
1101 22
1102 26
1103 27
1104 19
1105 49
1106 28
1107 21
1108 25
1109 23
1110 32
1111 24
1112 26
1113 23
1114 25
1115 27
1116 22
1117 33
1118 19
1119 30
1120 29
1121 17
1122 27
1123 21
1124 21
1125 20
1126 15
1127 33
1128 15
1129 24
1130 22
1131 18
1132 26
1133 23
1134 27
1135 25
1136 30
1137 25
1138 19
1139 21
1140 24
1141 30
1142 20
1143 20
1144 22
1145 32
1146 21
1147 28
1148 15
1149 22
1150 24
1151 29
1152 23
1153 17
1154 30
1155 24
1156 18
1157 21
1158 26
1159 18
1160 20
1161 26
1162 16
1163 25
1164 24
1165 20
1166 29
1167 22
1168 25
1169 22
1170 32
1171 18
1172 27
1173 23
1174 29
1175 21
1176 26
1177 25
1178 13
1179 29
1180 24
1181 24
1182 16
1183 16
1184 22
1185 31
1186 24
1187 19
1188 19
1189 17
1190 24
1191 23
1192 18
1193 25
1194 18
1195 32
1196 26
1197 15
1198 28
1199 23
1200 26
1201 28
1202 21
1203 19
1204 21
1205 22
1206 13
1207 17
1208 18
1209 23
1210 17
1211 20
1212 16
1213 28
1214 21
1215 28
1216 26
1217 26
1218 31
1219 17
1220 19
1221 24
1222 20
1223 15
1224 23
1225 19
1226 19
1227 21
1228 23
1229 17
1230 16
1231 17
1232 16
1233 25
1234 17
1235 23
1236 20
1237 20
1238 21
1239 24
1240 17
1241 14
1242 22
1243 18
1244 26
1245 20
1246 20
1247 24
1248 22
1249 15
1250 25
1251 19
1252 23
1253 23
1254 22
1255 19
1256 23
1257 22
1258 27
1259 18
1260 24
1261 20
1262 14
1263 21
1264 18
1265 21
1266 19
1267 16
1268 12
1269 19
1270 22
1271 24
1272 16
1273 19
1274 17
1275 15
1276 22
1277 16
1278 20
1279 17
1280 16
1281 19
1282 23
1283 19
1284 11
1285 22
1286 12
1287 20
1288 23
1289 21
1290 23
1291 27
1292 12
1293 17
1294 27
1295 17
1296 16
1297 17
1298 18
1299 17
1300 16
1301 20
1302 18
1303 18
1304 12
1305 17
1306 16
1307 19
1308 17
1309 21
1310 18
1311 14
1312 18
1313 16
1314 14
1315 15
1316 17
1317 13
1318 13
1319 13
1320 23
1321 22
1322 20
1323 19
1324 13
1325 14
1326 25
1327 10
1328 14
1329 12
1330 12
1331 25
1332 12
1333 14
1334 17
1335 19
1336 13
1337 13
1338 12
1339 14
1340 18
1341 15
1342 14
1343 17
1344 15
1345 20
1346 17
1347 16
1348 17
1349 20
1350 10
1351 17
1352 13
1353 21
1354 14
1355 12
1356 16
1357 23
1358 20
1359 11
1360 17
1361 19
1362 14
1363 15
1364 10
1365 7
1366 14
1367 23
1368 6
1369 17
1370 16
1371 10
1372 19
1373 12
1374 23
1375 22
1376 17
1377 14
1378 11
1379 13
1380 22
1381 13
1382 16
1383 11
1384 12
1385 20
1386 23
1387 17
1388 19
1389 15
1390 10
1391 14
1392 10
1393 16
1394 15
1395 18
1396 16
1397 8
1398 15
1399 15
1400 19
1401 17
1402 10
1403 22
1404 13
1405 10
1406 14
1407 18
1408 10
1409 12
1410 18
1411 22
1412 12
1413 13
1414 11
1415 18
1416 16
1417 14
1418 8
1419 16
1420 14
1421 11
1422 12
1423 13
1424 15
1425 13
1426 12
1427 12
1428 16
1429 11
1430 15
1431 19
1432 18
1433 12
1434 19
1435 23
1436 11
1437 14
1438 10
1439 17
1440 18
1441 15
1442 15
1443 8
1444 14
1445 17
1446 15
1447 9
1448 14
1449 13
1450 10
1451 12
1452 19
1453 16
1454 18
1455 12
1456 18
1457 11
1458 12
1459 14
1460 13
1461 13
1462 14
1463 12
1464 16
1465 13
1466 11
1467 20
1468 16
1469 9
1470 16
1471 16
1472 14
1473 8
1474 13
1475 9
1476 19
1477 15
1478 13
1479 21
1480 14
1481 11
1482 17
1483 12
1484 16
1485 16
1486 10
1487 14
1488 9
1489 6
1490 10
1491 11
1492 18
1493 16
1494 16
1495 19
1496 10
1497 7
1498 8
1499 20
1500 17
1501 18
1502 11
1503 8
1504 14
1505 10
1506 11
1507 20
1508 12
1509 10
1510 19
1511 9
1512 13
1513 11
1514 11
1515 18
1516 13
1517 15
1518 12
1519 12
1520 11
1521 16
1522 12
1523 16
1524 17
1525 15
1526 13
1527 12
1528 17
1529 20
1530 6
1531 12
1532 8
1533 13
1534 12
1535 10
1536 8
1537 14
1538 14
1539 10
1540 10
1541 13
1542 11
1543 11
1544 12
1545 10
1546 17
1547 17
1548 16
1549 14
1550 8
1551 16
1552 14
1553 12
1554 11
1555 10
1556 9
1557 10
1558 13
1559 6
1560 14
1561 20
1562 17
1563 13
1564 10
1565 11
1566 8
1567 11
1568 12
1569 11
1570 9
1571 15
1572 12
1573 12
1574 9
1575 8
1576 7
1577 18
1578 13
1579 13
1580 8
1581 11
1582 5
1583 13
1584 12
1585 7
1586 10
1587 14
1588 13
1589 11
1590 8
1591 22
1592 11
1593 10
1594 16
1595 8
1596 13
1597 11
1598 16
1599 12
1600 16
1601 15
1602 6
1603 9
1604 8
1605 10
1606 5
1607 13
1608 13
1609 7
1610 7
1611 8
1612 4
1613 12
1614 12
1615 10
1616 13
1617 9
1618 8
1619 12
1620 14
1621 8
1622 13
1623 8
1624 9
1625 4
1626 6
1627 8
1628 19
1629 12
1630 5
1631 10
1632 11
1633 8
1634 12
1635 9
1636 10
1637 11
1638 12
1639 7
1640 7
1641 7
1642 9
1643 12
1644 14
1645 6
1646 9
1647 8
1648 5
1649 5
1650 6
1651 7
1652 8
1653 5
1654 9
1655 13
1656 9
1657 6
1658 7
1659 11
1660 10
1661 9
1662 12
1663 10
1664 4
1665 12
1666 6
1667 6
1668 5
1669 9
1670 11
1671 8
1672 8
1673 6
1674 8
1675 12
1676 9
1677 8
1678 10
1679 8
1680 2
1681 9
1682 6
1683 6
1684 8
1685 7
1686 11
1687 7
1688 8
1689 10
1690 9
1691 6
1692 12
1693 11
1694 7
1695 7
1696 9
1697 7
1698 15
1699 3
1700 14
1701 8
1702 6
1703 12
1704 11
1705 11
1706 4
1707 11
1708 7
1709 9
1710 9
1711 13
1712 15
1713 6
1714 10
1715 12
1716 9
1717 8
1718 2
1719 13
1720 5
1721 11
1722 7
1723 10
1724 8
1725 9
1726 16
1727 9
1728 7
1729 6
1730 12
1731 5
1732 9
1733 11
1734 9
1735 10
1736 11
1737 13
1738 8
1739 7
1740 9
1741 3
1742 11
1743 4
1744 16
1745 14
1746 4
1747 12
1748 7
1749 10
1750 8
1751 9
1752 5
1753 8
1754 8
1755 10
1756 7
1757 14
1758 6
1759 9
1760 7
1761 11
1762 11
1763 10
1764 11
1765 9
1766 9
1767 7
1768 4
1769 5
1770 5
1771 8
1772 5
1773 8
1774 14
1775 7
1776 9
1777 7
1778 10
1779 8
1780 6
1781 9
1782 10
1783 10
1784 5
1785 12
1786 9
1787 10
1788 7
1789 10
1790 6
1791 4
1792 11
1793 6
1794 11
1795 9
1796 6
1797 8
1798 7
1799 8
1800 5
1801 9
1802 7
1803 6
1804 4
1805 5
1806 8
1807 6
1808 5
1809 9
1810 6
1811 6
1812 12
1813 7
1814 8
1815 9
1816 10
1817 8
1818 8
1819 6
1820 3
1821 11
1822 7
1823 7
1824 2
1825 3
1826 6
1827 9
1828 7
1829 7
1830 5
1831 8
1832 8
1833 12
1834 13
1835 9
1836 5
1837 12
1838 4
1839 11
1840 8
1841 9
1842 8
1843 3
1844 2
1845 9
1846 12
1847 10
1848 10
1849 10
1850 8
1851 7
1852 9
1853 5
1854 10
1855 5
1856 6
1857 5
1858 6
1859 9
1860 7
1861 9
1862 5
1863 6
1864 7
1865 4
1866 8
1867 6
1868 10
1869 4
1870 7
1871 5
1872 9
1873 10
1874 7
1875 4
1876 10
1877 3
1878 7
1879 7
1880 9
1881 8
1882 8
1883 4
1884 3
1885 8
1886 7
1887 8
1888 10
1889 9
1890 7
1891 8
1892 8
1893 4
1894 13
1895 7
1896 8
1897 7
1898 4
1899 9
1900 6
1901 6
1902 7
1903 6
1904 8
1905 10
1906 10
1907 3
1908 5
1909 11
1910 3
1911 2
1912 9
1913 5
1914 8
1915 7
1916 12
1917 9
1918 4
1919 2
1920 14
1921 8
1922 6
1923 8
1924 3
1925 6
1926 8
1927 5
1928 13
1929 10
1930 5
1931 10
1932 12
1933 9
1934 5
1935 7
1936 6
1937 7
1938 13
1939 4
1940 5
1941 9
1942 5
1943 10
1944 8
1945 11
1946 8
1947 5
1948 4
1949 9
1950 12
1951 8
1952 4
1953 13
1954 9
1955 4
1956 5
1957 5
1958 2
1959 3
1960 6
1961 7
1962 2
1963 7
1964 6
1965 2
1966 13
1967 8
1968 8
1969 7
1970 12
1971 7
1972 6
1973 11
1974 11
1975 9
1976 3
1977 6
1978 7
1979 7
1980 6
1981 5
1982 9
1983 8
1984 2
1985 6
1986 5
1987 7
1988 8
1989 9
1990 8
1991 5
1992 6
1993 3
1994 10
1995 8
1996 5
1997 11
1998 8
1999 6
2000 6
2001 5
2002 10
2003 9
2004 3
2005 7
2006 9
2007 8
2008 11
2009 6
2010 4
2011 7
2012 7
2013 9
2014 7
2015 5
2016 6
2017 3
2018 9
2019 8
2020 5
2021 3
2022 4
2023 8
2024 6
2025 7
2026 10
2027 8
2028 6
2029 3
2030 5
2031 6
2032 3
2033 9
2034 5
2035 6
2036 4
2037 9
2038 6
2039 5
2040 2
2041 7
2042 6
2043 9
2044 3
2045 6
2046 5
2047 8
2048 10
2049 7
2050 3
2051 8
2052 4
2053 4
2054 5
2055 11
2056 4
2057 5
2058 7
2059 2
2060 10
2061 4
2062 9
2063 6
2064 8
2065 10
2066 9
2067 5
2068 3
2069 6
2070 9
2071 3
2072 4
2073 7
2074 5
2075 6
2076 10
2077 3
2078 7
2079 12
2080 3
2081 1
2082 4
2083 3
2084 5
2085 6
2086 7
2087 7
2088 4
2089 2
2090 6
2091 4
2092 3
2093 8
2094 4
2095 6
2096 2
2097 7
2098 2
2099 12
2100 6
2101 7
2102 1
2103 6
2104 3
2105 9
2106 6
2107 6
2108 7
2109 3
2110 5
2111 4
2112 4
2113 3
2114 3
2115 4
2116 7
2117 5
2118 3
2119 2
2120 12
2121 4
2122 4
2123 5
2124 5
2125 8
2126 7
2127 4
2128 4
2129 5
2130 4
2131 7
2132 4
2133 5
2134 5
2135 9
2136 4
2137 6
2138 11
2139 8
2140 4
2141 8
2142 3
2143 11
2144 5
2145 7
2146 2
2147 7
2148 4
2149 5
2150 3
2151 3
2152 3
2153 4
2154 1
2155 5
2156 7
2157 8
2158 7
2159 4
2160 8
2161 2
2162 1
2163 6
2164 2
2165 3
2166 5
2167 5
2168 5
2169 4
2170 9
2171 4
2172 4
2173 7
2174 4
2175 8
2176 3
2177 4
2178 5
2179 1
2180 4
2181 8
2182 4
2183 2
2184 5
2185 5
2186 5
2187 4
2188 5
2189 3
2190 3
2191 1
2192 10
2193 6
2195 5
2196 4
2197 7
2198 8
2199 2
2200 10
2201 7
2202 4
2203 2
2204 8
2205 4
2206 4
2207 4
2208 2
2209 8
2210 5
2211 2
2212 3
2213 7
2214 5
2215 5
2216 2
2217 9
2218 2
2219 6
2220 1
2221 4
2222 6
2223 5
2224 7
2225 3
2226 6
2227 5
2228 7
2229 6
2230 4
2231 9
2232 6
2233 2
2234 6
2235 2
2236 6
2237 3
2238 6
2239 9
2240 5
2241 3
2242 4
2243 5
2244 8
2245 5
2246 4
2247 5
2248 8
2249 7
2250 2
2251 6
2252 5
2253 4
2254 3
2255 5
2256 8
2257 5
2258 5
2259 3
2260 4
2261 3
2262 11
2263 5
2264 2
2265 3
2266 3
2267 2
2268 4
2269 8
2270 4
2271 2
2272 5
2273 3
2274 2
2275 3
2276 4
2277 4
2278 1
2279 8
2280 6
2281 3
2282 5
2283 6
2284 6
2285 5
2286 3
2287 4
2288 4
2289 6
2290 6
2291 2
2292 3
2293 7
2294 8
2295 5
2296 1
2297 5
2298 3
2299 2
2300 2
2301 2
2302 3
2303 7
2304 10
2305 2
2306 8
2307 8
2308 4
2309 5
2310 4
2311 8
2312 8
2313 3
2314 5
2315 4
2316 1
2317 3
2318 2
2319 3
2320 1
2321 1
2322 3
2323 2
2324 6
2325 7
2326 2
2327 5
2328 2
2329 6
2330 2
2331 4
2332 1
2333 6
2334 5
2335 4
2336 3
2337 1
2338 1
2339 7
2340 3
2341 5
2342 5
2343 4
2344 2
2345 10
2346 4
2347 7
2348 3
2349 4
2350 3
2351 5
2352 6
2353 4
2354 1
2355 3
2356 7
2357 6
2358 5
2359 2
2360 2
2361 5
2362 2
2363 5
2364 4
2365 1
2366 2
2367 2
2368 10
2369 7
2370 4
2371 3
2372 5
2373 6
2374 8
2375 2
2376 5
2377 4
2378 5
2379 6
2380 4
2381 1
2382 3
2383 6
2384 5
2385 4
2386 7
2387 3
2389 9
2390 4
2391 1
2392 2
2393 3
2394 5
2395 5
2396 3
2397 1
2398 3
2399 5
2400 2
2401 1
2402 4
2403 3
2404 5
2405 3
2406 7
2407 6
2408 3
2409 4
2410 5
2411 3
2412 2
2413 4
2414 5
2415 5
2416 2
2417 6
2418 4
2419 7
2420 9
2421 3
2422 5
2423 2
2424 7
2425 3
2426 3
2427 3
2428 2
2430 2
2431 6
2432 5
2433 7
2434 3
2435 3
2436 3
2437 4
2438 5
2439 6
2440 1
2441 6
2442 4
2443 3
2444 4
2445 3
2446 5
2447 4
2448 2
2449 5
2450 1
2451 3
2452 1
2453 1
2454 5
2455 3
2456 8
2457 4
2458 2
2459 4
2461 6
2462 5
2464 5
2465 4
2466 1
2467 3
2468 1
2469 1
2470 5
2471 4
2472 2
2473 2
2474 5
2475 2
2476 5
2477 4
2478 2
2479 3
2480 1
2481 3
2482 2
2483 3
2484 3
2485 1
2486 6
2487 5
2488 2
2489 2
2490 3
2491 3
2492 2
2493 1
2494 4
2495 2
2496 7
2497 7
2498 3
2499 2
2500 3
2501 5
2502 1
2503 2
2504 1
2505 5
2506 4
2507 1
2508 2
2509 2
2510 3
2511 1
2512 3
2513 3
2514 1
2515 3
2517 5
2518 7
2519 2
2520 4
2521 4
2522 2
2523 3
2524 4
2525 2
2526 3
2527 6
2528 1
2529 4
2530 4
2531 2
2532 3
2533 6
2534 5
2535 2
2536 3
2537 3
2538 3
2539 2
2540 5
2541 2
2542 1
2543 6
2544 3
2545 5
2546 1
2547 5
2548 6
2549 4
2550 2
2551 3
2552 4
2553 2
2554 5
2555 1
2556 4
2557 4
2558 3
2559 4
2560 3
2561 4
2562 3
2563 3
2564 2
2565 9
2566 5
2567 3
2568 1
2569 3
2570 2
2572 3
2573 8
2575 2
2576 5
2577 6
2578 3
2579 2
2580 1
2581 3
2582 4
2583 4
2584 4
2585 3
2586 4
2587 5
2588 5
2589 2
2590 3
2591 5
2592 1
2593 6
2594 6
2595 5
2596 6
2597 3
2598 7
2599 3
2600 4
2601 5
2602 2
2603 2
2604 8
2605 1
2606 2
2607 4
2608 4
2609 2
2610 4
2611 3
2612 5
2613 4
2614 1
2615 3
2616 1
2617 4
2618 3
2619 1
2620 3
2621 1
2622 5
2623 2
2624 4
2625 1
2626 4
2627 4
2628 2
2629 6
2630 3
2631 3
2632 4
2633 3
2635 1
2636 2
2637 1
2638 2
2639 4
2640 1
2641 1
2644 3
2645 2
2646 2
2647 1
2648 6
2649 4
2650 2
2651 3
2652 2
2653 1
2654 2
2655 3
2656 2
2657 5
2658 5
2659 5
2660 4
2661 1
2662 1
2663 2
2664 2
2665 2
2666 3
2667 1
2668 3
2669 3
2670 1
2671 5
2672 1
2673 1
2674 2
2676 2
2677 1
2678 3
2680 4
2681 4
2682 8
2683 1
2684 4
2685 1
2686 3
2688 2
2689 3
2690 2
2692 3
2693 4
2694 3
2695 6
2696 1
2697 1
2699 4
2700 4
2701 4
2702 4
2703 8
2705 1
2706 2
2707 4
2708 3
2709 2
2710 6
2711 3
2712 1
2713 2
2714 5
2715 3
2716 1
2717 2
2718 4
2719 5
2720 2
2721 4
2722 1
2723 3
2725 3
2726 5
2727 4
2728 1
2729 2
2730 1
2731 2
2732 4
2733 1
2734 1
2735 4
2736 1
2737 1
2738 3
2740 3
2741 3
2742 2
2743 1
2744 4
2745 4
2746 3
2748 3
2749 1
2750 5
2751 1
2752 1
2753 3
2754 1
2755 4
2756 1
2757 4
2758 1
2759 2
2760 5
2761 1
2762 4
2763 2
2764 1
2765 4
2766 3
2767 2
2768 4
2769 2
2770 3
2771 5
2772 1
2773 3
2774 4
2776 2
2777 3
2778 1
2779 6
2780 3
2781 5
2782 1
2783 1
2784 2
2785 1
2787 6
2788 4
2789 3
2790 1
2791 4
2792 3
2793 2
2794 3
2795 3
2796 1
2797 2
2798 4
2799 3
2801 2
2802 4
2804 1
2805 1
2807 6
2808 3
2809 3
2812 4
2813 1
2814 1
2815 5
2817 5
2818 2
2819 1
2820 2
2821 3
2822 4
2823 4
2824 3
2825 2
2826 3
2827 3
2828 2
2829 3
2830 5
2832 3
2833 1
2834 4
2835 2
2836 6
2837 3
2838 2
2839 2
2840 1
2841 2
2842 4
2843 4
2844 3
2845 1
2846 2
2847 2
2848 2
2849 2
2850 3
2851 3
2852 3
2853 3
2854 2
2855 3
2856 1
2857 2
2858 2
2859 3
2860 3
2861 3
2862 1
2863 2
2864 2
2865 5
2866 2
2867 1
2868 1
2869 2
2870 1
2871 2
2872 5
2873 3
2874 2
2875 4
2876 3
2877 3
2878 2
2879 4
2880 3
2882 3
2883 2
2884 3
2885 2
2886 1
2887 4
2888 1
2889 1
2890 2
2891 3
2892 4
2893 1
2894 5
2895 2
2896 2
2897 2
2898 2
2899 3
2900 2
2901 1
2902 4
2905 3
2906 4
2907 2
2908 2
2909 1
2910 2
2911 4
2912 4
2913 1
2914 1
2915 3
2916 1
2917 3
2918 1
2919 2
2920 3
2921 3
2923 1
2924 1
2925 2
2926 1
2927 4
2928 2
2929 2
2930 3
2931 2
2932 1
2934 4
2935 1
2937 1
2939 4
2940 1
2941 5
2942 3
2943 4
2944 3
2945 5
2946 1
2947 2
2948 2
2950 7
2951 3
2952 4
2953 2
2954 1
2955 4
2957 2
2958 3
2959 2
2960 3
2961 2
2962 2
2963 3
2964 1
2965 1
2966 1
2967 4
2969 1
2970 2
2971 2
2972 3
2973 5
2974 2
2975 2
2976 2
2977 2
2978 2
2979 3
2980 3
2981 1
2982 2
2983 1
2984 3
2985 3
2987 1
2988 2
2989 2
2991 2
2992 5
2993 1
2994 6
2995 2
2996 5
2997 3
2998 5
2999 4
3000 1
3002 1
3003 3
3004 5
3005 3
3007 1
3008 2
3009 4
3011 1
3012 2
3013 3
3015 1
3016 1
3017 2
3019 2
3020 2
3021 1
3022 4
3023 6
3024 2
3025 1
3027 1
3028 2
3029 1
3030 1
3031 4
3032 2
3033 1
3034 2
3036 3
3037 2
3038 2
3039 1
3041 3
3042 2
3043 2
3044 4
3045 3
3046 5
3047 1
3048 2
3049 4
3050 2
3051 2
3052 3
3053 3
3054 2
3055 2
3056 6
3058 1
3059 3
3061 3
3063 3
3064 1
3065 4
3067 1
3068 3
3069 1
3070 1
3071 1
3072 3
3073 3
3075 1
3076 3
3077 1
3078 2
3079 2
3080 2
3081 4
3082 2
3083 2
3086 5
3087 2
3088 2
3089 4
3090 1
3091 2
3092 2
3093 1
3095 3
3097 2
3098 2
3099 7
3101 1
3102 5
3103 2
3104 1
3105 2
3106 1
3107 1
3108 2
3110 1
3111 2
3112 2
3113 2
3114 2
3115 1
3116 1
3117 1
3119 3
3120 1
3121 1
3122 4
3123 3
3125 2
3126 1
3130 1
3131 1
3132 3
3133 3
3134 3
3135 2
3136 3
3137 2
3138 1
3139 1
3141 2
3142 1
3143 2
3144 1
3145 2
3146 3
3147 2
3149 3
3150 2
3151 1
3152 4
3154 3
3155 2
3156 1
3157 2
3158 1
3160 4
3161 2
3162 1
3163 2
3165 2
3166 2
3167 2
3168 1
3169 2
3170 6
3171 3
3172 1
3173 3
3174 3
3175 1
3176 4
3177 3
3178 1
3180 2
3181 2
3182 2
3183 1
3184 3
3185 2
3186 1
3187 2
3188 3
3189 1
3190 1
3191 1
3192 5
3193 2
3194 3
3196 2
3197 1
3198 2
3199 2
3200 1
3203 1
3204 2
3205 1
3206 2
3208 2
3210 1
3212 5
3213 2
3214 2
3215 2
3216 1
3217 1
3218 1
3219 3
3220 1
3221 4
3222 1
3223 5
3226 4
3227 1
3229 1
3230 3
3231 3
3232 1
3234 1
3235 1
3236 3
3237 1
3238 1
3239 2
3241 3
3242 1
3243 1
3244 3
3245 1
3246 1
3247 1
3249 2
3250 1
3251 1
3252 2
3254 1
3255 3
3256 2
3257 1
3258 3
3259 2
3260 2
3261 2
3262 1
3263 1
3264 3
3266 3
3268 3
3270 2
3271 3
3272 2
3273 1
3275 1
3276 1
3277 1
3278 3
3279 2
3280 1
3282 2
3283 3
3284 2
3285 1
3286 4
3287 1
3288 1
3289 1
3290 3
3291 1
3294 2
3296 3
3297 2
3299 2
3301 2
3302 3
3303 2
3306 1
3307 1
3308 1
3309 3
3310 2
3311 2
3312 4
3313 3
3314 1
3315 1
3316 1
3318 3
3320 2
3321 1
3322 1
3323 1
3324 3
3327 3
3329 3
3330 3
3331 1
3332 1
3333 1
3334 3
3336 3
3337 4
3339 1
3341 2
3342 1
3343 1
3344 1
3348 1
3349 3
3350 2
3351 3
3352 3
3354 4
3356 1
3358 2
3359 1
3360 1
3362 2
3363 2
3364 2
3365 1
3366 3
3368 3
3370 1
3372 2
3373 2
3375 2
3376 1
3378 1
3379 1
3380 2
3381 2
3382 3
3383 2
3385 3
3389 2
3390 2
3391 2
3394 1
3395 2
3396 1
3397 1
3400 1
3401 3
3402 1
3403 1
3405 1
3406 1
3407 2
3408 3
3409 1
3410 2
3411 3
3412 2
3413 2
3414 1
3416 3
3417 3
3418 2
3419 1
3420 1
3421 1
3422 2
3423 1
3424 1
3425 1
3429 1
3430 2
3431 1
3432 1
3433 4
3434 1
3437 1
3438 2
3440 2
3441 1
3442 3
3443 3
3446 1
3448 2
3450 2
3452 1
3453 3
3454 1
3456 2
3457 1
3458 3
3460 1
3461 1
3463 3
3466 1
3468 3
3470 1
3471 1
3472 1
3473 3
3474 1
3475 2
3476 1
3477 1
3478 1
3480 1
3481 2
3482 1
3483 1
3484 2
3485 1
3486 2
3487 1
3489 5
3491 3
3492 2
3493 1
3494 1
3495 1
3496 2
3497 3
3498 1
3499 1
3500 2
3503 2
3507 3
3508 1
3509 1
3511 1
3512 1
3513 1
3515 1
3516 1
3517 1
3519 2
3520 2
3521 2
3522 1
3524 1
3525 1
3526 1
3527 1
3529 1
3530 1
3535 1
3536 2
3539 4
3542 1
3543 6
3544 2
3546 3
3547 1
3549 3
3550 1
3552 2
3553 4
3554 2
3555 1
3557 3
3559 3
3561 1
3562 1
3563 1
3564 1
3565 3
3566 1
3567 1
3568 5
3569 3
3570 2
3571 2
3572 1
3574 2
3575 1
3576 3
3577 1
3578 3
3580 1
3581 2
3582 4
3583 1
3584 1
3585 1
3586 1
3587 2
3588 2
3589 2
3591 2
3592 1
3595 1
3596 3
3597 3
3598 1
3599 2
3600 2
3602 3
3603 2
3604 1
3605 4
3606 1
3607 1
3610 1
3611 7
3615 1
3616 2
3617 1
3618 1
3619 1
3623 4
3624 2
3625 2
3626 1
3627 4
3628 3
3629 1
3630 2
3631 1
3632 1
3633 2
3635 1
3636 2
3637 1
3638 1
3639 1
3640 1
3641 1
3643 1
3644 2
3646 2
3647 1
3649 1
3650 1
3651 2
3652 5
3653 1
3656 1
3657 2
3658 2
3660 3
3661 2
3662 1
3663 1
3664 2
3665 1
3666 2
3667 3
3668 1
3670 2
3674 1
3675 3
3676 1
3678 2
3679 3
3680 3
3681 1
3685 2
3686 3
3689 1
3691 2
3693 3
3694 2
3695 1
3698 2
3699 1
3700 1
3704 2
3705 2
3707 2
3708 1
3709 2
3710 2
3712 1
3713 1
3715 2
3717 1
3719 1
3720 3
3721 1
3722 2
3723 1
3724 1
3725 3
3726 1
3727 1
3730 1
3731 1
3732 1
3733 1
3735 1
3736 1
3737 2
3738 1
3739 1
3740 1
3742 2
3744 2
3746 2
3747 1
3749 2
3750 2
3751 2
3752 1
3753 1
3754 1
3757 2
3758 1
3760 1
3761 1
3762 2
3763 1
3764 2
3765 1
3768 1
3769 1
3770 1
3771 1
3772 1
3773 2
3774 1
3775 1
3776 1
3778 1
3779 2
3782 2
3783 2
3784 3
3787 2
3788 1
3790 1
3792 1
3793 1
3795 1
3797 2
3798 3
3799 1
3800 1
3801 1
3802 2
3803 1
3804 1
3807 1
3808 2
3809 1
3810 3
3812 1
3813 1
3814 2
3816 1
3817 1
3819 1
3820 1
3822 1
3823 1
3824 2
3825 1
3826 1
3827 2
3828 2
3829 3
3830 3
3831 2
3832 2
3833 1
3834 1
3836 1
3838 1
3839 1
3840 1
3841 2
3842 2
3844 1
3845 1
3850 4
3851 1
3852 2
3853 1
3854 1
3855 1
3856 2
3857 1
3859 1
3862 2
3863 1
3864 1
3866 1
3867 1
3870 3
3871 3
3873 1
3875 1
3877 3
3880 2
3882 1
3883 3
3884 1
3885 2
3887 1
3888 3
3894 1
3895 1
3896 2
3897 2
3898 1
3899 2
3904 1
3906 1
3907 1
3908 2
3910 2
3912 2
3913 1
3914 1
3916 3
3917 2
3918 3
3919 1
3921 1
3924 3
3926 1
3930 3
3931 2
3932 1
3933 1
3934 2
3936 2
3937 1
3938 3
3939 1
3941 3
3942 1
3944 1
3945 2
3948 2
3951 1
3952 3
3953 3
3954 1
3957 4
3958 3
3960 1
3961 1
3962 1
3963 1
3964 3
3969 2
3970 1
3972 1
3974 4
3975 1
3976 1
3978 2
3979 1
3981 2
3984 2
3985 1
3986 1
3987 2
3988 1
3989 2
3990 1
3995 3
3996 2
3997 2
3998 2
3999 2
4001 3
4002 1
4004 1
4005 1
4006 1
4007 2
4010 1
4011 3
4012 4
4013 1
4015 2
4016 1
4018 1
4019 1
4021 2
4022 1
4023 2
4025 2
4026 1
4030 2
4033 1
4034 1
4035 3
4037 2
4038 2
4039 2
4040 1
4042 1
4044 2
4045 1
4046 1
4047 1
4048 3
4050 1
4051 1
4055 1
4057 1
4058 1
4059 2
4060 1
4061 1
4062 1
4063 1
4065 1
4069 3
4071 1
4072 2
4073 2
4075 1
4078 1
4079 1
4081 2
4082 2
4086 1
4089 2
4091 3
4092 1
4093 1
4094 1
4095 2
4096 3
4097 1
4102 5
4103 2
4104 1
4105 1
4106 2
4108 1
4110 1
4111 1
4113 1
4115 3
4116 4
4117 1
4118 1
4119 1
4120 1
4121 2
4124 1
4126 2
4127 2
4128 3
4130 1
4131 1
4132 1
4134 1
4135 2
4136 3
4137 1
4140 2
4141 1
4145 2
4148 2
4149 1
4151 1
4152 1
4153 2
4155 1
4156 2
4157 1
4160 2
4162 2
4163 3
4164 1
4165 2
4166 1
4167 2
4168 1
4170 2
4174 2
4176 3
4177 2
4179 2
4180 1
4182 2
4183 1
4185 2
4186 1
4187 2
4188 1
4189 1
4190 2
4191 2
4192 3
4193 1
4194 1
4196 2
4200 1
4201 1
4202 1
4203 2
4204 1
4205 1
4208 1
4209 1
4211 1
4212 1
4213 2
4214 1
4215 3
4216 1
4217 1
4220 1
4221 1
4222 1
4225 1
4228 1
4230 1
4231 2
4232 1
4236 1
4237 1
4238 1
4240 1
4241 2
4242 2
4243 1
4246 1
4247 2
4248 2
4249 3
4252 2
4255 1
4256 2
4257 2
4259 1
4265 1
4266 1
4268 1
4270 1
4272 1
4274 1
4282 2
4289 1
4290 1
4291 1
4292 1
4294 2
4296 1
4300 1
4301 1
4302 1
4304 1
4306 2
4307 4
4309 4
4313 1
4315 1
4316 1
4319 1
4320 1
4323 2
4324 1
4326 2
4329 1
4331 1
4332 2
4333 1
4334 1
4335 1
4336 1
4337 1
4338 3
4345 1
4346 2
4350 3
4352 1
4356 1
4358 2
4359 2
4360 1
4362 2
4363 4
4365 1
4366 2
4367 1
4368 1
4372 1
4376 1
4377 2
4379 1
4381 1
4382 2
4386 1
4390 1
4391 1
4392 2
4394 1
4396 1
4399 1
4401 2
4402 1
4403 1
4404 2
4405 1
4406 1
4407 1
4408 1
4409 3
4410 1
4411 3
4414 1
4415 1
4418 1
4419 1
4420 2
4424 2
4425 2
4428 1
4429 1
4430 1
4433 1
4434 2
4437 1
4438 1
4441 1
4443 1
4446 1
4451 1
4454 1
4455 2
4457 2
4458 2
4459 1
4461 1
4463 1
4464 2
4467 2
4468 1
4470 3
4471 1
4473 1
4474 1
4475 1
4476 3
4479 1
4480 2
4481 1
4485 1
4486 1
4487 2
4489 1
4490 1
4492 1
4494 1
4497 4
4500 3
4502 1
4503 1
4504 2
4506 1
4509 1
4510 1
4511 1
4512 1
4513 2
4517 1
4518 1
4521 1
4523 1
4526 2
4528 2
4530 1
4531 1
4532 1
4533 1
4534 2
4536 1
4537 1
4538 1
4539 1
4544 2
4545 2
4548 3
4550 1
4552 1
4555 1
4562 1
4563 3
4564 1
4566 4
4567 1
4570 1
4571 1
4574 1
4575 1
4580 2
4581 2
4585 2
4589 1
4591 1
4595 1
4600 1
4601 3
4605 1
4607 1
4614 1
4616 2
4618 1
4620 1
4623 2
4624 1
4625 1
4626 1
4627 2
4628 1
4629 2
4633 2
4634 1
4641 1
4642 1
4643 2
4644 1
4645 1
4646 1
4648 1
4650 1
4654 2
4655 2
4658 1
4659 1
4662 2
4663 1
4665 1
4666 2
4670 1
4672 3
4673 2
4674 1
4676 1
4679 1
4680 1
4684 1
4685 1
4686 1
4687 2
4689 1
4690 1
4692 1
4696 1
4704 2
4706 1
4707 1
4708 1
4712 1
4713 1
4714 1
4715 1
4718 1
4719 2
4720 1
4724 1
4726 1
4727 1
4728 1
4731 1
4732 1
4733 2
4735 1
4736 2
4739 1
4741 1
4744 3
4745 1
4751 1
4752 2
4758 2
4760 1
4761 1
4762 1
4777 1
4781 1
4782 1
4783 1
4785 1
4787 2
4791 1
4792 1
4795 1
4797 1
4798 1
4800 1
4801 1
4803 1
4804 2
4806 1
4808 3
4810 1
4814 2
4815 1
4816 1
4817 2
4822 1
4824 1
4827 1
4836 1
4849 1
4851 1
4852 1
4853 1
4855 1
4857 1
4858 1
4867 1
4868 1
4872 1
4874 1
4875 1
4877 2
4881 1
4884 1
4886 1
4887 1
4894 1
4896 1
4900 2
4904 1
4907 1
4909 1
4910 1
4911 1
4913 1
4918 1
4919 2
4921 2
4922 1
4923 2
4924 1
4927 1
4931 1
4932 1
4934 1
4935 1
4937 1
4939 2
4940 1
4943 2
4944 1
4947 1
4950 1
4953 1
4958 1
4959 1
4962 1
4965 2
4967 1
4972 1
4975 1
4979 1
4983 1
4985 1
4988 2
4990 1
4992 1
4995 1
4999 1
5000 2
5005 2
5006 2
5009 1
5010 2
5011 1
5012 4
5016 1
5017 1
5018 1
5021 1
5023 1
5030 1
5031 1
5034 1
5037 1
5045 1
5046 1
5047 1
5048 1
5051 1
5056 1
5057 1
5058 1
5059 1
5061 1
5067 1
5068 1
5072 1
5073 1
5075 1
5084 1
5088 1
5091 1
5092 1
5093 1
5095 1
5097 1
5099 2
5100 1
5103 1
5108 2
5112 2
5113 3
5115 1
5118 2
5119 1
5121 1
5125 2
5128 1
5131 1
5132 2
5133 1
5138 1
5140 1
5141 1
5153 1
5156 1
5159 1
5161 1
5162 1
5163 1
5164 1
5170 2
5171 3
5172 1
5175 2
5181 2
5186 1
5187 1
5194 1
5195 2
5196 1
5200 1
5206 1
5208 1
5214 1
5215 2
5219 1
5224 1
5225 1
5227 1
5228 2
5229 2
5238 1
5239 1
5247 1
5248 1
5249 2
5251 2
5255 1
5256 1
5261 1
5267 1
5270 1
5271 1
5276 1
5279 1
5285 1
5286 1
5291 2
5297 2
5299 1
5301 1
5302 1
5304 2
5305 1
5306 1
5307 1
5311 1
5313 1
5314 1
5315 1
5318 1
5323 1
5326 1
5327 1
5330 2
5337 1
5338 1
5339 1
5346 1
5351 2
5357 2
5359 2
5360 1
5364 1
5365 1
5366 1
5368 1
5369 2
5372 1
5373 1
5374 1
5379 3
5380 1
5382 1
5385 1
5390 2
5392 1
5400 1
5403 1
5404 1
5405 1
5408 1
5428 2
5430 1
5432 1
5433 1
5437 1
5442 1
5443 1
5444 2
5445 4
5446 1
5447 1
5452 1
5453 1
5454 1
5455 2
5456 1
5459 1
5461 2
5462 1
5463 2
5465 2
5466 1
5468 1
5472 1
5473 1
5474 1
5478 1
5480 1
5483 1
5487 2
5494 1
5495 1
5496 1
5497 1
5498 1
5500 1
5501 1
5502 1
5506 1
5507 1
5508 1
5510 1
5513 1
5515 1
5519 1
5524 2
5530 1
5531 1
5535 1
5538 1
5539 1
5544 2
5545 1
5548 1
5553 1
5554 1
5556 1
5559 1
5564 1
5565 1
5572 1
5574 3
5576 2
5578 1
5579 1
5580 1
5586 1
5588 1
5592 1
5593 1
5594 1
5602 1
5608 1
5612 1
5619 1
5623 1
5624 1
5626 1
5629 1
5637 1
5642 1
5652 1
5653 1
5656 1
5660 2
5663 2
5668 1
5672 1
5675 1
5679 1
5687 1
5693 1
5694 1
5695 2
5705 1
5706 1
5707 1
5712 2
5713 1
5715 1
5717 1
5719 1
5722 2
5724 1
5725 1
5726 1
5731 1
5738 1
5739 1
5742 1
5745 1
5755 1
5758 1
5767 1
5773 1
5778 2
5779 1
5780 1
5783 1
5784 1
5787 1
5788 2
5789 2
5793 1
5797 1
5802 1
5808 2
5814 1
5815 2
5818 1
5822 1
5824 1
5830 2
5836 1
5840 1
5841 1
5846 1
5847 2
5848 1
5852 1
5856 1
5859 1
5861 1
5862 1
5863 1
5865 1
5866 1
5867 1
5882 2
5885 1
5892 1
5893 1
5905 1
5912 1
5914 2
5915 1
5920 1
5922 1
5927 1
5929 1
5930 1
5936 1
5937 1
5939 1
5940 1
5946 1
5950 1
5952 2
5953 1
5955 1
5961 1
5967 1
5970 1
5973 1
5977 1
5980 1
5981 2
5983 1
5993 1
5994 1
6000 1
6001 2
6006 1
6008 3
6009 1
6011 1
6013 1
6024 1
6027 1
6029 1
6030 1
6031 1
6036 1
6037 1
6038 1
6043 2
6044 1
6048 1
6050 1
6054 1
6056 1
6058 2
6062 1
6065 1
6066 1
6070 1
6072 1
6073 1
6076 1
6078 1
6081 1
6082 1
6084 1
6087 1
6091 2
6092 1
6102 1
6103 1
6107 1
6112 1
6118 1
6122 1
6125 1
6127 1
6128 1
6130 1
6131 1
6135 1
6145 1
6152 1
6158 1
6167 1
6169 1
6175 1
6186 1
6189 1
6193 2
6194 1
6210 1
6212 1
6216 1
6218 1
6232 1
6237 2
6239 1
6253 1
6254 1
6260 1
6261 1
6263 1
6266 1
6274 1
6279 1
6287 1
6297 1
6299 1
6308 1
6311 1
6314 1
6316 1
6317 1
6319 1
6328 1
6330 1
6333 1
6344 1
6349 1
6352 1
6368 1
6370 1
6377 1
6379 1
6382 1
6385 1
6399 1
6406 2
6407 1
6411 1
6415 1
6417 1
6420 1
6421 1
6428 1
6430 1
6433 1
6440 1
6449 1
6456 1
6462 2
6467 1
6476 1
6477 1
6482 1
6484 1
6491 1
6493 1
6500 1
6516 1
6530 1
6531 1
6533 1
6536 1
6546 2
6555 1
6561 2
6566 1
6567 1
6573 1
6584 1
6594 1
6605 1
6608 1
6612 1
6617 1
6620 1
6621 1
6625 1
6627 2
6628 1
6631 1
6643 1
6650 1
6658 1
6667 1
6669 1
6674 1
6690 1
6695 1
6698 1
6700 1
6726 2
6732 3
6745 1
6746 1
6750 1
6760 1
6762 1
6771 1
6779 1
6780 1
6784 1
6785 1
6787 1
6788 1
6802 1
6813 1
6821 1
6829 1
6830 1
6840 1
6847 1
6848 1
6864 1
6867 1
6868 1
6876 1
6884 1
6890 1
6891 1
6897 1
6901 2
6903 1
6905 1
6906 1
6908 1
6911 1
6924 1
6940 1
6941 1
6943 2
6946 1
6947 1
6952 1
6963 1
6973 1
6982 1
6989 1
6991 1
7000 1
7004 1
7010 1
7011 2
7014 2
7020 1
7023 1
7024 1
7026 1
7037 1
7039 1
7044 1
7048 1
7053 1
7059 2
7066 1
7069 1
7072 1
7074 1
7084 1
7095 1
7109 1
7110 1
7113 1
7116 1
7118 1
7124 1
7139 1
7155 1
7165 1
7168 1
7181 1
7189 1
7193 1
7194 1
7207 2
7210 1
7213 1
7218 1
7223 1
7230 1
7248 1
7258 1
7260 1
7264 1
7265 1
7266 1
7267 1
7272 1
7282 1
7293 1
7306 2
7312 1
7318 1
7331 1
7333 1
7362 1
7375 1
7392 1
7394 1
7407 1
7418 1
7422 1
7426 1
7429 1
7434 1
7446 1
7449 1
7450 1
7462 1
7463 2
7466 1
7473 1
7474 1
7477 1
7504 1
7507 1
7509 2
7514 1
7516 1
7529 1
7530 1
7531 1
7533 1
7537 3
7539 1
7551 1
7559 1
7561 1
7570 1
7590 1
7595 1
7597 1
7608 1
7629 1
7630 1
7635 1
7645 1
7647 1
7658 1
7660 1
7661 1
7682 1
7697 1
7698 1
7703 2
7704 1
7709 1
7723 1
7735 1
7750 1
7752 1
7760 1
7761 1
7763 1
7776 1
7782 1
7785 1
7787 1
7797 1
7816 1
7824 1
7830 1
7832 1
7847 1
7855 1
7876 1
7892 1
7917 1
7925 1
7926 1
7929 1
7944 2
7956 1
7957 2
7960 1
7966 1
7975 1
7977 1
7999 1
8008 1
8015 1
8019 1
8023 1
8029 1
8038 1
8067 1
8077 1
8082 1
8092 1
8094 1
8098 1
8103 1
8109 1
8120 1
8121 1
8161 1
8185 1
8192 1
8196 1
8221 1
8224 1
8227 1
8233 1
8275 1
8276 1
8296 1
8301 1
8302 1
8303 1
8309 1
8327 1
8342 1
8346 1
8354 1
8364 1
8410 1
8411 1
8414 1
8425 1
8441 1
8442 2
8472 1
8482 1
8483 1
8484 1
8488 1
8505 1
8509 1
8511 1
8520 1
8567 1
8572 1
8600 1
8623 1
8627 1
8631 1
8634 1
8641 1
8654 1
8665 1
8666 1
8672 1
8675 1
8677 1
8690 1
8694 1
8712 1
8721 1
8725 1
8727 1
8753 1
8770 1
8784 1
8799 1
8821 1
8823 1
8857 1
8861 1
8862 1
8867 1
8883 1
8887 1
8892 1
8898 1
8899 1
8912 1
8939 1
8940 1
8959 1
8961 1
8975 1
8989 1
8999 1
9000 1
9005 1
9038 1
9039 1
9045 1
9058 1
9074 1
9075 1
9082 1
9089 1
9129 1
9143 1
9148 1
9178 1
9183 1
9191 1
9215 1
9218 2
9222 1
9240 1
9241 1
9257 1
9268 1
9277 1
9290 1
9312 1
9332 2
9335 1
9338 1
9354 1
9371 1
9375 1
9383 1
9386 2
9387 1
9395 1
9424 1
9459 1
9472 1
9477 1
9528 1
9533 1
9564 1
9568 1
9603 1
9628 1
9637 1
9667 1
9705 1
9719 1
9735 1
9750 1
9751 1
9783 1
9799 1
9813 1
9816 1
9839 1
9854 1
9879 1
9898 1
9903 1
9920 1
9926 1
9927 1
9933 1
9966 1
9977 1
9984 1
10010 1
10012 1
10033 1
10062 1
10068 1
10088 2
10136 1
10146 1
10157 1
10175 1
10245 1
10248 1
10255 1
10265 1
10270 1
10277 1
10280 1
10293 1
10304 1
10314 1
10339 1
10362 1
10376 1
10414 1
10418 1
10452 1
10468 1
10524 1
10529 1
10558 1
10577 1
10593 1
10625 1
10665 1
10682 1
10695 1
10702 2
10713 1
10765 1
10773 1
10834 1
10868 1
10871 1
10875 1
10876 1
10940 1
10965 1
11094 1
11111 1
11116 1
11124 1
11156 1
11184 1
11262 1
11281 1
11291 1
11298 1
11304 1
11313 1
11355 1
11387 1
11419 1
11426 1
11487 1
11499 1
11515 1
11549 1
11550 1
11582 1
11588 1
11671 1
11675 1
11769 1
11787 2
11791 1
11817 1
11826 1
11828 1
11852 1
11875 1
11909 1
11955 1
11961 1
11994 1
12018 1
12128 1
12187 1
12214 1
12249 1
12303 1
12459 2
12584 1
12593 2
12601 1
12632 1
12647 1
12685 1
12689 1
12696 1
12744 1
12759 1
12881 1
13035 1
13074 1
13119 1
13216 1
13262 1
13302 1
13358 1
13525 1
13526 1
13599 1
13861 1
13962 1
13993 1
14154 1
14316 1
14321 1
14329 1
14498 1
14668 1
14727 1
14911 1
15206 1
15388 1
15393 1
15435 1
15952 1
15954 1
16017 1
16119 1
16168 1
16291 1
16303 1
16312 1
16313 1
16446 1
16616 1
16667 1
16840 1
16880 1
16947 1
17242 1
17418 1
17494 1
17546 1
18036 1
18148 1
18212 1
18249 1
18347 1
18447 1
18554 1
18572 1
18608 1
18692 1
18800 1
18849 1
19289 1
19369 1
19419 1
19424 1
19477 1
20014 1
20040 1
20084 1
20383 1
20556 1
20608 1
20778 1
21183 1
22040 1
22139 1
23041 1
23351 1
23500 1
24498 1
24499 1
24524 1
24651 1
24898 1
26799 1
27941 1
29176 1
30954 1
31426 1
32879 1
36901 1
