1 324079
2 130439
3 69536
4 43850
5 29676
6 21369
7 16141
8 12690
9 10215
10 8350
11 7077
12 5932
13 5033
14 4424
15 3897
16 3344
17 2930
18 2740
19 2322
20 2127
21 1956
22 1778
23 1662
24 1518
25 1354
26 1251
27 1214
28 1039
29 961
30 982
31 856
32 812
33 755
34 708
35 693
36 627
37 649
38 579
39 529
40 519
41 486
42 449
43 443
44 431
45 382
46 404
47 355
48 339
49 338
50 339
51 328
52 270
53 300
54 245
55 253
56 244
57 239
58 215
59 213
60 217
61 227
62 191
63 191
64 171
65 150
66 151
67 168
68 140
69 151
70 149
71 143
72 146
73 124
74 145
75 101
76 106
77 124
78 115
79 134
80 87
81 98
82 89
83 84
84 96
85 78
86 96
87 82
88 93
89 88
90 85
91 69
92 72
93 65
94 57
95 71
96 75
97 65
98 66
99 68
100 64
101 55
102 66
103 52
104 61
105 58
106 42
107 42
108 43
109 53
110 53
111 32
112 39
113 55
114 36
115 44
116 44
117 45
118 45
119 29
120 35
121 41
122 31
123 37
124 32
125 35
126 40
127 30
128 43
129 31
130 18
131 36
132 34
133 32
134 21
135 32
136 30
137 29
138 29
139 19
140 24
141 25
142 26
143 22
144 25
145 23
146 30
147 23
148 26
149 26
150 30
151 21
152 15
153 15
154 25
155 28
156 25
157 20
158 30
159 14
160 27
161 22
162 19
163 20
164 11
165 17
166 19
167 13
168 30
169 21
170 16
171 12
172 18
173 15
174 15
175 12
176 10
177 14
178 14
179 14
180 11
181 12
182 23
183 9
184 13
185 11
186 12
187 14
188 10
189 13
190 13
191 12
192 9
193 10
194 16
195 13
196 13
197 4
198 12
199 11
200 7
201 12
202 14
203 7
204 10
205 9
206 16
207 11
208 14
209 10
210 13
211 10
212 9
213 5
214 6
215 12
216 9
217 6
218 14
219 8
220 6
221 10
222 8
223 10
224 6
225 11
226 8
227 6
228 14
229 7
230 10
231 5
232 4
233 9
234 6
235 7
236 12
237 4
238 7
239 12
240 5
241 8
242 6
243 3
244 8
245 4
246 7
247 5
248 8
249 5
250 7
251 7
252 11
253 5
254 5
255 5
256 8
257 4
258 5
259 5
260 4
261 7
262 2
263 9
264 8
265 2
266 9
267 5
268 8
269 6
270 3
271 3
272 6
273 4
274 6
275 9
276 5
277 2
278 7
279 2
280 6
281 2
282 6
283 6
284 5
285 3
286 3
287 5
288 5
289 7
290 4
291 9
292 7
293 2
294 4
295 3
296 5
297 7
298 3
299 1
300 6
301 4
302 5
303 5
304 2
305 3
306 2
307 4
308 4
309 4
310 2
311 2
312 2
313 2
314 1
315 7
316 2
317 6
319 3
320 5
321 4
322 2
323 1
324 3
326 2
327 6
328 3
329 2
330 2
332 5
333 3
334 4
335 4
336 4
337 2
338 7
339 1
340 5
341 2
342 7
343 4
344 2
345 1
346 1
347 3
348 1
349 3
351 3
352 4
354 2
355 2
356 4
357 1
359 4
360 3
361 3
362 1
363 1
364 1
365 1
366 2
367 4
368 1
369 3
370 2
371 5
372 1
373 3
375 3
376 1
377 5
378 1
379 1
380 2
381 4
382 2
384 2
386 2
387 2
388 4
389 2
390 2
391 3
392 1
393 4
394 1
397 1
398 2
399 4
400 3
401 1
402 3
403 3
404 1
407 1
408 1
409 2
410 1
411 2
412 1
414 5
415 2
418 5
419 1
421 1
423 1
424 1
426 1
427 1
428 3
429 1
430 2
431 2
433 3
434 3
436 1
439 1
440 1
441 2
442 1
443 1
444 2
446 3
447 1
448 1
449 2
451 1
452 1
454 1
456 1
457 1
460 1
461 1
464 1
465 3
467 3
469 2
470 1
471 3
474 1
475 1
476 1
477 1
481 1
483 2
484 1
488 1
491 4
492 2
493 1
496 1
497 1
498 1
499 2
500 2
502 1
504 3
506 1
508 1
509 3
510 1
514 1
515 1
516 1
517 2
519 2
520 1
521 2
523 2
526 1
527 1
529 2
531 2
533 1
536 1
539 2
540 1
541 2
543 1
548 3
551 1
553 1
555 1
556 1
558 1
559 1
561 2
567 2
571 1
573 2
581 1
582 3
585 1
587 1
588 1
589 1
592 3
595 1
598 1
601 1
605 1
613 1
616 1
617 2
618 1
619 1
620 1
621 1
624 1
628 2
629 1
632 1
633 1
634 1
638 2
640 1
641 2
645 1
651 1
652 2
654 2
656 3
657 1
659 1
670 1
672 1
673 1
674 1
675 1
676 1
679 1
686 1
691 2
698 1
701 1
702 1
705 1
711 1
719 1
726 1
727 1
729 1
731 1
733 1
737 1
743 1
746 1
747 1
750 1
756 1
762 1
775 1
776 1
784 1
795 2
796 1
800 1
802 1
813 1
817 1
825 1
835 1
838 1
859 1
867 1
871 1
876 1
893 2
894 2
895 2
902 1
909 1
912 2
916 1
923 1
927 1
936 1
943 1
953 1
957 1
958 1
964 1
965 1
969 1
974 1
986 1
988 1
994 1
1005 1
1010 1
1019 1
1024 1
1047 1
1078 1
1081 1
1093 1
1095 1
1097 1
1102 1
1123 1
1130 1
1150 1
1159 1
1165 1
1172 1
1189 1
1214 1
1220 1
1223 1
1248 1
1265 1
1301 1
1353 1
1393 1
1398 1
1414 1
1419 1
1495 1
1513 1
1530 1
1543 1
1573 1
1729 1
1748 1
1906 1
1998 1
2044 1
2148 1
2290 1
2344 1
3272 1
