1 3165505
2 900140
3 429415
4 253631
5 169415
6 121484
7 91592
8 71284
9 57879
10 47540
11 40075
12 33954
13 29214
14 25749
15 22501
16 19897
17 18101
18 15913
19 14297
20 13015
21 11949
22 11021
23 10107
24 9239
25 8673
26 7998
27 7678
28 6936
29 6549
30 6237
31 5732
32 5421
33 5051
34 4801
35 4592
36 4467
37 4125
38 3823
39 3725
40 3522
41 3351
42 3240
43 2981
44 2853
45 2784
46 2688
47 2555
48 2439
49 2416
50 2199
51 2165
52 2176
53 1978
54 1962
55 1882
56 1868
57 1746
58 1714
59 1676
60 1537
61 1539
62 1457
63 1463
64 1424
65 1369
66 1284
67 1288
68 1223
69 1251
70 1157
71 1121
72 1135
73 1071
74 1022
75 1009
76 1034
77 989
78 981
79 985
80 923
81 907
82 900
83 808
84 792
85 817
86 833
87 687
88 772
89 730
90 663
91 764
92 676
93 682
94 655
95 656
96 626
97 591
98 588
99 571
100 559
101 520
102 503
103 538
104 547
105 479
106 521
107 479
108 444
109 487
110 493
111 476
112 447
113 454
114 448
115 418
116 449
117 396
118 423
119 419
120 422
121 393
122 389
123 388
124 339
125 385
126 396
127 357
128 314
129 353
130 327
131 335
132 335
133 322
134 339
135 344
136 295
137 308
138 282
139 296
140 312
141 294
142 255
143 270
144 260
145 246
146 297
147 243
148 272
149 261
150 244
151 261
152 231
153 241
154 247
155 228
156 243
157 243
158 211
159 214
160 220
161 204
162 218
163 206
164 211
165 217
166 209
167 200
168 191
169 196
170 173
171 163
172 178
173 181
174 176
175 190
176 184
177 165
178 189
179 166
180 171
181 172
182 188
183 172
184 168
185 176
186 160
187 153
188 175
189 134
190 163
191 175
192 137
193 145
194 137
195 148
196 164
197 144
198 138
199 146
200 143
201 154
202 133
203 153
204 114
205 127
206 142
207 118
208 115
209 121
210 114
211 142
212 135
213 124
214 127
215 117
216 125
217 120
218 119
219 122
220 119
221 97
222 118
223 100
224 131
225 109
226 105
227 116
228 96
229 109
230 98
231 104
232 98
233 84
234 103
235 111
236 98
237 102
238 100
239 106
240 102
241 120
242 92
243 95
244 99
245 90
246 68
247 93
248 91
249 86
250 88
251 87
252 73
253 72
254 74
255 73
256 74
257 101
258 82
259 75
260 85
261 95
262 74
263 74
264 82
265 71
266 76
267 81
268 76
269 72
270 84
271 80
272 97
273 84
274 73
275 73
276 81
277 68
278 66
279 66
280 66
281 66
282 70
283 77
284 56
285 81
286 69
287 63
288 62
289 59
290 56
291 57
292 68
293 60
294 64
295 49
296 53
297 62
298 59
299 65
300 63
301 54
302 81
303 55
304 65
305 50
306 51
307 51
308 65
309 75
310 47
311 49
312 60
313 59
314 54
315 56
316 52
317 54
318 61
319 45
320 52
321 54
322 40
323 51
324 50
325 52
326 42
327 42
328 45
329 59
330 38
331 43
332 48
333 36
334 36
335 49
336 42
337 57
338 39
339 37
340 56
341 47
342 37
343 46
344 51
345 40
346 40
347 34
348 41
349 37
350 53
351 35
352 45
353 38
354 32
355 40
356 46
357 41
358 39
359 27
360 40
361 36
362 37
363 34
364 36
365 42
366 43
367 40
368 40
369 41
370 30
371 38
372 33
373 44
374 35
375 28
376 33
377 41
378 39
379 29
380 31
381 27
382 27
383 43
384 21
385 23
386 38
387 27
388 36
389 23
390 31
391 26
392 42
393 35
394 37
395 33
396 31
397 37
398 29
399 30
400 23
401 30
402 32
403 41
404 22
405 30
406 30
407 40
408 32
409 30
410 44
411 26
412 34
413 25
414 25
415 24
416 21
417 20
418 25
419 24
420 22
421 33
422 23
423 28
424 29
425 31
426 29
427 31
428 26
429 30
430 31
431 38
432 33
433 22
434 28
435 23
436 30
437 22
438 29
439 22
440 26
441 25
442 16
443 35
444 33
445 25
446 21
447 25
448 17
449 21
450 21
451 32
452 19
453 25
454 26
455 18
456 18
457 21
458 17
459 23
460 21
461 23
462 14
463 22
464 16
465 25
466 26
467 14
468 21
469 18
470 25
471 16
472 27
473 19
474 12
475 17
476 17
477 24
478 18
479 26
480 18
481 22
482 20
483 25
484 20
485 30
486 11
487 17
488 17
489 17
490 22
491 21
492 20
493 20
494 14
495 27
496 21
497 19
498 21
499 21
500 20
501 22
502 20
503 23
504 12
505 14
506 23
507 17
508 19
509 17
510 18
511 16
512 19
513 28
514 17
515 19
516 15
517 21
518 15
519 26
520 18
521 23
522 27
523 15
524 21
525 12
526 21
527 23
528 22
529 12
530 17
531 18
532 12
533 12
534 15
535 15
536 15
537 15
538 21
539 11
540 17
541 10
542 16
543 12
544 16
545 9
546 5
547 16
548 18
549 15
550 12
551 12
552 18
553 11
554 12
555 19
556 12
557 14
558 15
559 12
560 13
561 9
562 9
563 8
564 10
565 15
566 13
567 25
568 10
569 19
570 16
571 21
572 14
573 10
574 13
575 20
576 18
577 16
578 19
579 15
580 19
581 17
582 16
583 11
584 15
585 12
586 11
587 5
588 12
589 12
590 11
591 14
592 10
593 18
594 15
595 17
596 10
597 16
598 18
599 17
600 9
601 6
602 14
603 11
604 12
605 16
606 11
607 10
608 14
609 14
610 20
611 10
612 8
613 16
614 15
615 27
616 12
617 9
618 14
619 17
620 15
621 17
622 9
623 14
624 10
625 12
626 10
627 13
628 11
629 6
630 7
631 16
632 14
633 11
634 9
635 13
636 13
637 12
638 15
639 13
640 14
641 21
642 7
643 7
644 15
645 11
646 13
647 9
648 13
649 7
650 6
651 8
652 6
653 7
654 14
655 7
656 9
657 7
658 11
659 13
660 13
661 12
662 12
663 10
664 8
665 6
666 4
667 6
668 13
669 12
670 13
671 7
672 16
673 5
674 5
675 13
676 7
677 9
678 10
679 9
680 10
681 9
682 10
683 5
684 11
685 10
686 9
687 10
688 9
689 11
690 8
691 10
692 9
693 8
694 5
695 8
696 10
697 12
698 6
699 5
700 9
701 7
702 7
703 11
704 10
705 8
706 7
707 6
708 8
709 6
710 10
711 7
712 14
713 8
714 10
715 11
716 14
717 6
718 7
719 10
720 9
721 4
722 7
723 7
724 6
725 11
726 9
727 8
728 4
729 4
730 5
731 6
732 4
733 7
734 7
735 6
736 12
737 4
738 4
739 9
740 11
741 10
742 5
743 6
744 8
745 6
746 6
747 8
748 6
749 8
750 7
751 10
752 8
753 8
754 11
755 9
756 7
757 9
758 7
759 7
760 7
761 9
762 8
763 7
764 11
765 6
766 7
767 5
768 8
769 11
770 6
771 11
772 8
773 8
774 8
775 3
776 9
777 9
778 10
779 6
780 9
781 4
782 1
783 3
784 6
785 9
786 5
787 3
788 7
789 8
790 4
791 7
792 7
793 8
794 2
795 6
796 6
797 5
798 2
799 3
800 7
801 6
802 5
803 4
804 9
805 6
806 5
807 5
808 4
809 5
810 1
811 7
812 8
813 1
814 7
815 5
816 7
817 8
818 5
819 5
820 6
821 7
822 5
823 8
824 8
825 9
826 7
827 4
828 5
829 1
830 4
831 5
832 10
833 5
834 4
835 10
836 9
837 6
838 11
839 7
840 8
841 5
842 6
843 8
844 4
845 3
846 4
847 9
848 8
849 4
850 8
851 5
852 5
853 6
854 6
855 8
856 8
857 2
858 5
859 3
860 4
861 6
862 3
863 4
864 4
865 5
866 9
867 5
868 5
869 3
870 2
871 6
872 4
873 6
874 6
875 3
876 3
877 5
878 8
879 6
880 6
881 2
882 4
883 6
884 8
885 4
886 3
887 9
888 7
889 5
890 6
891 3
892 5
893 3
894 4
895 2
896 8
897 3
898 4
899 4
900 7
901 6
902 5
903 6
904 1
905 7
906 12
907 1
908 5
909 2
910 8
911 1
912 4
913 5
914 5
915 4
916 7
917 4
918 1
919 3
920 5
921 3
922 8
923 8
924 5
925 4
926 6
927 4
928 5
929 7
930 5
931 6
932 5
933 2
934 7
935 6
936 5
937 3
938 4
939 5
940 6
941 3
942 6
943 2
944 3
945 2
946 1
947 4
948 4
949 4
951 6
952 3
953 4
954 3
955 4
956 4
957 4
958 3
959 5
960 7
961 4
962 4
963 5
964 2
965 7
966 8
967 5
968 4
969 1
970 6
971 3
972 5
973 2
974 2
975 7
976 4
977 1
978 2
979 8
980 1
981 6
982 3
983 3
984 5
985 2
986 4
987 2
988 2
989 3
990 3
991 5
992 2
993 6
994 7
995 6
996 3
997 6
998 4
999 8
1000 3
1001 1
1002 5
1003 5
1004 1
1005 7
1006 4
1007 2
1008 3
1009 1
1010 2
1011 6
1012 4
1013 4
1014 2
1015 8
1016 3
1017 3
1018 4
1019 2
1020 5
1021 4
1023 1
1024 2
1025 1
1026 4
1027 6
1028 2
1029 4
1030 4
1031 4
1033 5
1034 3
1035 2
1036 5
1037 7
1038 5
1039 1
1040 3
1041 3
1042 4
1043 2
1044 8
1045 4
1046 4
1047 3
1048 4
1049 7
1050 1
1051 1
1052 1
1054 2
1055 4
1056 5
1057 2
1058 5
1059 5
1060 5
1061 2
1062 2
1063 1
1064 3
1065 1
1066 4
1067 4
1068 1
1069 4
1070 2
1071 2
1072 2
1073 5
1074 7
1075 6
1076 6
1077 2
1078 4
1079 3
1080 1
1081 4
1082 4
1083 2
1084 6
1086 4
1087 5
1088 3
1089 5
1090 2
1091 4
1092 4
1093 3
1094 5
1095 3
1096 1
1097 1
1098 2
1099 1
1100 4
1101 5
1102 6
1103 1
1104 5
1105 3
1106 4
1107 5
1108 1
1109 2
1110 2
1111 4
1112 2
1113 2
1114 2
1116 3
1117 4
1118 5
1119 5
1120 1
1121 3
1122 2
1123 4
1124 1
1125 1
1126 3
1127 6
1128 2
1129 1
1130 4
1131 4
1132 4
1133 5
1134 3
1135 3
1136 3
1137 2
1138 7
1139 1
1140 2
1141 5
1142 2
1143 3
1144 1
1145 3
1146 3
1147 3
1148 1
1149 4
1150 7
1151 2
1152 3
1153 3
1154 3
1155 2
1156 3
1157 4
1158 6
1159 2
1160 6
1161 2
1162 1
1163 5
1164 2
1165 1
1166 4
1168 5
1169 4
1170 4
1172 1
1173 2
1174 2
1175 4
1176 1
1177 2
1178 3
1179 3
1180 4
1181 2
1182 4
1183 4
1184 2
1185 4
1186 2
1187 6
1188 1
1189 3
1190 2
1191 3
1192 4
1193 2
1194 3
1195 2
1196 3
1197 3
1198 3
1199 2
1200 1
1201 3
1202 4
1205 1
1206 4
1207 1
1208 3
1210 1
1211 4
1213 4
1214 1
1215 1
1216 5
1217 4
1218 5
1219 3
1220 1
1221 3
1222 1
1223 2
1224 2
1225 3
1226 2
1227 2
1228 3
1229 4
1230 2
1232 2
1234 2
1237 3
1238 3
1239 2
1240 1
1242 2
1243 1
1244 2
1245 2
1246 4
1247 2
1248 1
1249 2
1250 1
1251 3
1252 4
1253 5
1254 4
1255 5
1256 3
1257 4
1258 2
1260 3
1261 3
1264 1
1265 2
1266 2
1267 1
1268 1
1269 2
1270 1
1271 2
1272 2
1273 4
1274 2
1275 2
1276 5
1277 1
1278 5
1279 3
1280 4
1281 1
1282 4
1284 3
1285 1
1286 4
1287 2
1288 3
1291 1
1292 2
1293 3
1294 2
1295 6
1296 2
1297 1
1298 2
1299 1
1300 3
1301 4
1302 3
1303 5
1304 2
1305 2
1306 1
1307 1
1309 4
1310 2
1311 1
1313 1
1314 1
1315 3
1316 4
1317 1
1319 2
1320 2
1321 1
1322 2
1323 3
1325 4
1326 1
1328 2
1330 3
1331 2
1332 2
1333 1
1334 3
1335 3
1336 2
1337 2
1338 5
1339 1
1340 2
1341 3
1342 3
1343 3
1344 1
1345 4
1346 5
1347 2
1349 2
1350 1
1351 1
1352 2
1353 1
1354 2
1355 2
1356 4
1358 2
1360 3
1361 4
1362 2
1363 3
1364 2
1365 2
1366 2
1367 2
1368 3
1369 1
1370 3
1371 2
1372 2
1373 3
1375 1
1376 3
1378 3
1379 3
1380 1
1381 5
1382 3
1384 2
1385 2
1386 2
1387 1
1390 1
1392 1
1393 2
1394 3
1395 1
1396 1
1397 2
1398 1
1399 2
1401 2
1403 2
1404 2
1405 3
1406 1
1407 1
1408 1
1409 2
1410 1
1411 1
1412 2
1413 1
1415 2
1416 2
1417 1
1418 2
1419 2
1420 1
1421 2
1422 1
1424 4
1425 1
1427 3
1428 1
1429 1
1431 1
1432 1
1433 2
1434 1
1435 3
1436 3
1439 1
1440 1
1441 1
1442 4
1443 4
1444 1
1445 1
1446 1
1448 2
1449 3
1451 1
1452 1
1453 2
1454 1
1456 1
1457 2
1458 1
1459 2
1460 3
1461 1
1462 1
1463 1
1464 1
1465 1
1466 2
1467 1
1468 1
1469 1
1470 4
1471 1
1473 1
1474 2
1476 1
1477 3
1478 1
1480 1
1481 3
1482 1
1483 3
1485 2
1486 3
1488 1
1490 1
1491 1
1493 1
1494 2
1498 1
1500 1
1501 1
1502 2
1505 2
1506 1
1507 3
1510 1
1511 1
1512 1
1513 1
1514 1
1515 2
1516 2
1517 1
1518 6
1519 1
1520 3
1521 2
1522 1
1523 2
1524 1
1525 1
1526 1
1527 1
1528 1
1529 2
1530 4
1531 3
1532 2
1533 1
1534 3
1535 2
1537 2
1538 2
1539 2
1540 2
1541 1
1542 2
1543 1
1544 2
1545 1
1546 2
1547 2
1548 2
1549 4
1550 3
1551 1
1553 1
1554 2
1555 3
1556 2
1557 1
1558 1
1560 1
1561 2
1563 3
1566 1
1568 2
1570 2
1572 1
1573 2
1574 1
1575 1
1576 4
1577 1
1578 2
1579 1
1580 3
1582 1
1584 1
1585 2
1586 1
1587 2
1588 1
1589 3
1590 2
1591 1
1592 2
1593 4
1597 3
1598 2
1599 1
1600 1
1602 2
1604 2
1605 4
1607 1
1609 2
1611 4
1612 3
1613 2
1614 2
1615 2
1616 2
1618 2
1619 4
1621 1
1622 1
1623 1
1624 2
1625 1
1627 1
1628 4
1629 3
1630 1
1633 2
1634 2
1635 3
1636 2
1637 2
1638 1
1639 2
1640 2
1641 2
1642 1
1643 1
1644 1
1649 3
1650 3
1651 1
1653 1
1654 1
1657 2
1658 1
1659 4
1660 1
1662 1
1663 1
1664 1
1665 1
1666 1
1667 1
1668 2
1669 3
1673 2
1675 2
1677 2
1678 3
1679 1
1680 1
1681 2
1682 1
1683 3
1684 2
1685 4
1686 2
1687 2
1688 2
1689 1
1690 2
1691 2
1692 2
1693 2
1694 2
1695 2
1696 1
1699 2
1701 3
1704 2
1705 1
1708 1
1709 1
1713 3
1714 2
1717 2
1718 4
1719 1
1720 1
1721 2
1722 3
1724 2
1725 3
1726 3
1727 3
1728 2
1729 1
1731 1
1733 1
1735 1
1736 1
1737 1
1738 1
1739 2
1740 2
1741 3
1742 1
1743 2
1745 1
1747 1
1748 1
1749 2
1750 1
1752 2
1753 2
1755 1
1756 2
1760 3
1761 3
1762 1
1764 1
1767 1
1768 1
1769 2
1771 5
1772 3
1774 3
1775 1
1777 2
1778 1
1781 2
1783 2
1785 2
1786 1
1787 3
1788 2
1789 1
1790 3
1792 1
1793 1
1796 1
1797 1
1798 2
1799 2
1803 2
1805 4
1806 2
1808 3
1811 2
1813 1
1815 2
1818 1
1819 1
1824 1
1826 1
1828 3
1831 1
1832 1
1835 2
1837 2
1839 2
1841 3
1843 1
1848 2
1849 3
1851 1
1853 2
1854 2
1855 3
1857 2
1858 1
1859 2
1862 3
1864 1
1867 1
1870 3
1872 1
1873 3
1874 2
1877 2
1879 1
1880 1
1881 2
1885 1
1886 1
1890 2
1891 2
1892 1
1894 1
1895 1
1896 2
1898 2
1899 1
1900 1
1901 1
1902 2
1903 2
1904 1
1906 1
1907 1
1911 1
1912 1
1914 3
1916 2
1917 1
1919 2
1920 2
1921 1
1923 1
1926 1
1927 1
1931 1
1932 1
1933 1
1934 3
1936 1
1937 1
1938 1
1939 1
1942 1
1943 2
1945 2
1947 1
1949 3
1950 2
1951 2
1952 1
1953 1
1954 1
1955 1
1956 1
1957 2
1960 1
1962 4
1963 1
1965 1
1968 2
1970 1
1971 1
1972 1
1973 1
1976 1
1979 1
1980 1
1982 2
1983 1
1984 1
1985 1
1986 1
1989 2
1991 1
1992 1
1994 2
1997 2
1998 1
1999 1
2000 3
2001 3
2002 1
2006 2
2007 1
2008 1
2013 1
2017 1
2018 1
2020 1
2023 2
2024 1
2027 1
2028 1
2029 1
2030 1
2034 2
2036 1
2038 1
2039 1
2041 1
2042 1
2046 3
2047 1
2052 1
2053 1
2054 2
2056 1
2057 2
2058 1
2059 2
2061 1
2063 1
2065 1
2067 1
2068 1
2071 1
2072 1
2075 2
2076 1
2077 2
2078 1
2080 1
2081 1
2084 1
2085 1
2086 1
2087 1
2089 1
2090 1
2091 1
2093 1
2096 1
2097 1
2099 1
2100 1
2105 1
2107 2
2109 1
2110 1
2112 1
2113 2
2115 1
2116 1
2119 1
2123 2
2124 1
2126 2
2128 1
2129 1
2131 1
2133 1
2135 2
2140 1
2143 1
2145 1
2146 3
2147 1
2149 1
2150 1
2151 1
2153 1
2157 1
2164 1
2165 1
2166 2
2170 2
2173 1
2174 1
2178 1
2179 1
2180 2
2183 2
2184 1
2190 1
2191 1
2194 1
2199 1
2200 2
2202 1
2204 1
2206 1
2207 2
2209 1
2212 2
2213 3
2214 2
2216 1
2222 1
2224 1
2226 1
2229 1
2230 3
2231 2
2233 1
2238 1
2242 2
2244 2
2245 1
2248 1
2251 1
2257 1
2258 1
2259 1
2260 2
2262 1
2267 1
2271 1
2273 1
2275 1
2276 1
2277 2
2279 1
2280 1
2281 1
2284 1
2286 2
2288 1
2289 1
2291 1
2292 1
2295 1
2296 1
2297 2
2298 1
2299 2
2300 2
2301 1
2302 3
2305 1
2306 3
2307 1
2308 1
2309 1
2310 2
2311 1
2312 1
2314 2
2316 1
2318 1
2320 1
2325 1
2328 2
2330 2
2331 1
2332 1
2336 2
2337 1
2338 1
2339 4
2341 2
2342 1
2345 1
2348 1
2351 1
2353 1
2354 1
2356 3
2357 1
2359 1
2362 1
2367 1
2368 1
2369 2
2373 1
2374 1
2375 1
2376 2
2378 1
2379 1
2381 1
2382 1
2383 2
2384 1
2385 1
2389 1
2397 1
2400 1
2401 1
2402 1
2403 1
2407 1
2410 1
2412 1
2413 1
2415 1
2417 1
2421 1
2422 2
2425 2
2426 1
2428 1
2432 1
2436 1
2438 3
2444 1
2445 1
2446 2
2449 2
2450 1
2452 3
2454 1
2457 1
2458 1
2459 4
2467 1
2471 1
2472 1
2476 1
2479 1
2482 2
2483 1
2488 1
2503 1
2504 1
2509 1
2510 2
2512 2
2517 2
2518 2
2520 1
2522 1
2523 1
2526 2
2529 1
2530 1
2532 2
2533 1
2541 1
2542 1
2545 1
2547 1
2549 1
2553 1
2556 2
2557 1
2561 1
2565 1
2566 1
2567 2
2570 1
2571 1
2572 1
2574 1
2577 1
2580 1
2581 1
2584 1
2588 1
2591 1
2593 1
2595 1
2598 1
2600 1
2602 1
2606 1
2611 1
2615 1
2616 1
2617 1
2622 1
2626 1
2627 1
2629 1
2635 1
2637 1
2639 2
2640 1
2646 1
2647 1
2649 1
2652 2
2653 1
2654 1
2655 1
2656 1
2667 1
2669 1
2670 1
2672 1
2675 1
2683 1
2687 1
2690 1
2693 1
2695 2
2705 1
2706 1
2714 1
2715 1
2718 1
2719 1
2723 1
2724 1
2731 1
2733 1
2739 1
2744 1
2748 1
2753 1
2754 1
2759 1
2760 1
2772 2
2779 1
2782 1
2783 1
2785 1
2786 1
2790 1
2791 1
2796 1
2797 1
2804 1
2815 1
2816 1
2818 1
2821 1
2822 1
2826 1
2831 2
2833 1
2835 1
2839 1
2842 1
2845 2
2857 1
2868 1
2872 1
2875 1
2876 1
2878 1
2880 1
2885 2
2888 1
2891 1
2893 1
2898 1
2904 1
2907 1
2909 1
2910 2
2911 2
2912 1
2916 1
2917 1
2919 1
2922 1
2925 1
2930 1
2935 1
2938 2
2942 2
2949 1
2962 1
2964 2
2966 2
2976 1
2978 1
2979 1
2983 2
2984 1
2987 1
2989 1
2995 2
2997 1
3001 1
3003 1
3010 1
3012 1
3018 2
3020 1
3021 2
3028 2
3032 2
3034 1
3036 2
3037 1
3040 1
3046 1
3049 1
3050 1
3057 1
3058 1
3061 1
3067 1
3069 1
3072 1
3075 2
3079 1
3088 2
3106 1
3131 1
3136 1
3137 1
3138 2
3144 1
3151 1
3152 1
3153 1
3154 2
3159 2
3160 1
3165 1
3174 1
3188 1
3195 1
3200 1
3206 2
3207 1
3215 1
3216 1
3219 1
3222 1
3224 2
3236 2
3239 3
3240 1
3241 1
3251 1
3254 1
3262 1
3263 1
3264 1
3268 2
3270 1
3282 1
3284 2
3285 1
3286 1
3287 1
3291 1
3292 1
3293 1
3295 1
3296 1
3298 1
3304 1
3326 1
3333 1
3337 1
3344 1
3348 1
3355 1
3358 1
3360 1
3361 1
3364 1
3367 1
3369 1
3373 1
3385 1
3387 2
3390 1
3391 1
3393 1
3396 1
3398 1
3408 1
3418 1
3424 1
3426 1
3430 1
3449 1
3456 1
3468 1
3469 1
3472 1
3485 1
3491 1
3494 1
3498 1
3505 1
3515 1
3526 2
3539 1
3540 1
3547 1
3548 1
3553 1
3555 2
3563 2
3564 1
3569 1
3573 1
3577 1
3583 2
3585 1
3586 1
3604 1
3609 1
3611 1
3615 1
3620 1
3625 1
3647 1
3649 1
3651 1
3665 1
3672 1
3674 1
3677 1
3684 1
3686 2
3689 1
3690 1
3700 1
3701 1
3708 1
3737 1
3745 1
3767 1
3775 1
3779 1
3786 1
3795 1
3807 1
3808 1
3830 1
3837 1
3846 1
3855 1
3857 1
3872 2
3873 1
3874 1
3882 2
3895 1
3899 1
3906 1
3925 2
3949 1
3954 1
3961 1
3962 2
3976 1
3981 1
3986 1
3987 1
3994 1
3995 1
4002 1
4021 1
4034 3
4041 1
4044 1
4053 1
4059 1
4079 2
4099 1
4114 1
4124 1
4138 1
4140 1
4145 1
4168 1
4171 1
4172 1
4197 1
4203 1
4211 1
4215 1
4224 1
4230 2
4260 1
4266 1
4268 1
4272 2
4274 1
4283 1
4291 1
4296 1
4301 1
4317 1
4320 1
4321 1
4330 1
4360 1
4363 1
4366 1
4379 1
4391 1
4405 1
4411 1
4415 1
4427 2
4437 1
4466 1
4476 2
4538 1
4542 1
4549 1
4555 1
4556 1
4576 1
4605 1
4644 1
4653 1
4674 1
4678 1
4685 1
4688 1
4692 1
4698 1
4703 1
4705 1
4707 1
4712 1
4727 1
4729 1
4753 1
4804 1
4855 1
4864 1
4866 1
4874 1
4884 1
4889 1
4900 1
4901 1
4915 1
4922 1
4944 1
4951 1
4973 1
4976 1
4981 1
5000 1
5003 1
5024 1
5033 1
5043 1
5047 1
5058 1
5070 1
5071 1
5077 1
5081 1
5086 1
5095 1
5127 1
5129 1
5154 1
5172 1
5209 1
5222 1
5240 1
5248 1
5343 1
5412 2
5414 1
5417 1
5430 1
5472 1
5491 1
5519 1
5545 1
5556 1
5560 1
5598 1
5599 1
5645 1
5656 1
5659 1
5726 1
5745 2
5762 1
5772 1
5790 1
5801 1
5805 1
5886 1
5946 1
5948 2
5952 1
5983 1
6045 1
6069 1
6077 2
6097 1
6126 1
6142 1
6144 1
6159 1
6224 1
6252 1
6253 1
6328 1
6371 1
6387 1
6406 1
6415 1
6440 1
6474 1
6537 1
6548 1
6582 1
6586 1
6614 1
6676 1
6702 1
6734 1
6789 1
6852 1
6876 1
6885 1
6922 1
6923 1
6972 1
6976 1
6989 1
7046 1
7058 1
7092 1
7095 1
7111 1
7338 1
7341 1
7360 1
7383 1
7432 1
7472 1
7596 1
7613 1
7642 1
7722 1
7777 1
7817 1
7837 1
7945 1
8036 1
8056 1
8207 1
8290 1
8303 1
8312 1
8351 1
8418 1
8484 1
8521 1
8639 1
8792 1
8883 1
8987 1
9063 1
9093 1
9224 1
9235 1
9236 1
9338 1
9442 1
9455 1
9620 1
9694 1
9778 1
9822 1
9897 1
10153 1
10188 1
10200 1
10328 1
10435 1
10448 1
10462 1
10614 1
10621 1
10668 1
11032 1
11610 1
11767 1
12080 1
12429 1
12700 1
13060 1
13144 1
13203 1
13482 1
13534 1
14700 1
14818 1
14977 1
15804 1
16252 1
16627 1
16696 1
18313 1
18755 1
18942 1
19049 1
19612 1
19974 1
20222 1
20632 1
20913 1
21759 1
22727 1
23732 1
23869 1
25275 1
26186 1
30497 1
40089 1
51601 1
67341 1
123548 1
