1 575666
2 130600
3 48857
4 23999
5 14160
6 9335
7 6565
8 4584
9 3494
10 2723
11 1941
12 1643
13 1380
14 1146
15 949
16 824
17 778
18 621
19 540
20 530
21 408
22 386
23 371
24 310
25 305
26 253
27 248
28 203
29 196
30 203
31 173
32 173
33 157
34 145
35 143
36 118
37 120
38 104
39 121
40 98
41 94
42 84
43 76
44 66
45 65
46 94
47 76
48 67
49 73
50 71
51 69
52 52
53 66
54 48
55 41
56 53
57 41
58 47
59 33
60 44
61 35
62 31
63 30
64 35
65 30
66 27
67 24
68 26
69 24
70 28
71 19
72 27
73 30
74 15
75 20
76 11
77 22
78 18
79 14
80 13
81 21
82 13
83 14
84 19
85 13
86 16
87 7
88 14
89 9
90 23
91 20
92 14
93 24
94 11
95 15
96 16
97 18
98 16
99 13
100 14
101 17
102 12
103 11
104 22
105 13
106 11
107 9
108 2
109 6
110 14
111 9
112 7
113 4
114 3
115 8
116 3
117 10
118 8
119 8
120 9
122 10
123 6
124 6
125 10
126 8
127 7
128 4
129 6
130 2
131 4
132 3
133 1
134 1
135 4
136 7
137 4
138 3
139 4
140 3
141 5
142 3
143 3
144 5
145 5
146 6
147 2
148 3
149 4
150 7
151 2
152 2
153 2
155 5
156 1
157 3
158 4
159 2
160 1
161 2
162 1
163 1
164 2
166 6
167 7
169 2
170 3
171 4
172 2
173 1
174 3
175 2
176 1
178 4
181 4
183 3
185 3
186 1
187 3
190 1
191 6
192 3
193 1
194 3
196 2
197 3
198 3
199 1
200 2
201 1
202 1
203 2
204 1
206 2
208 2
209 2
210 3
211 2
213 1
215 2
216 3
220 5
221 2
222 1
223 1
224 2
225 1
226 2
227 1
229 2
230 1
231 2
234 1
235 1
236 1
238 1
239 1
240 1
241 2
242 2
243 1
244 1
245 1
246 2
247 1
248 1
249 2
250 1
251 1
253 1
257 1
258 2
259 1
263 1
264 1
268 1
274 1
276 1
278 1
279 1
282 1
284 1
286 1
288 1
292 1
294 8
295 5
296 2
297 2
298 2
300 4
301 1
303 2
305 2
311 1
313 1
324 1
327 1
329 1
330 1
331 1
333 1
336 1
338 1
341 2
345 1
348 1
351 1
355 1
357 2
358 1
361 1
362 1
364 1
373 1
377 1
378 1
379 1
383 1
386 1
395 1
406 1
407 1
420 1
421 1
423 1
431 1
446 1
451 1
455 1
465 1
469 1
480 1
487 1
491 1
497 1
508 1
514 1
519 1
563 1
567 1
596 1
619 1
637 1
688 1
698 1
733 2
764 1
812 1
816 1
846 1
897 1
898 2
929 1
999 1
1078 1
1399 1
1648 1
1660 1
1771 1
1776 1
1973 1
