1 2625748
2 1039859
3 533934
4 338204
5 226654
6 167041
7 126093
8 100260
9 80671
10 66763
11 56539
12 48229
13 41352
14 36350
15 32111
16 28404
17 25080
18 22564
19 20539
20 18684
21 17148
22 15646
23 14517
24 13366
25 12181
26 11354
27 10575
28 9809
29 9277
30 8884
31 8210
32 7808
33 7247
34 6967
35 6639
36 6241
37 5850
38 5565
39 5201
40 4961
41 4717
42 4486
43 4421
44 4101
45 3988
46 3924
47 3776
48 3667
49 3412
50 3196
51 3158
52 3060
53 2931
54 2836
55 2797
56 2576
57 2595
58 2396
59 2411
60 2316
61 2250
62 2154
63 2151
64 2031
65 1958
66 1883
67 1828
68 1761
69 1738
70 1689
71 1616
72 1568
73 1573
74 1539
75 1500
76 1449
77 1456
78 1402
79 1315
80 1245
81 1249
82 1252
83 1244
84 1167
85 1145
86 1118
87 1096
88 1075
89 1035
90 988
91 1062
92 949
93 965
94 981
95 945
96 859
97 862
98 834
99 885
100 849
101 776
102 846
103 784
104 765
105 750
106 709
107 743
108 692
109 714
110 721
111 677
112 679
113 650
114 658
115 646
116 590
117 597
118 588
119 578
120 570
121 617
122 532
123 557
124 564
125 526
126 515
127 502
128 511
129 486
130 473
131 515
132 486
133 466
134 428
135 463
136 441
137 421
138 470
139 403
140 402
141 434
142 424
143 397
144 379
145 394
146 383
147 418
148 383
149 380
150 360
151 331
152 336
153 348
154 388
155 367
156 317
157 382
158 311
159 301
160 290
161 336
162 300
163 301
164 325
165 292
166 283
167 299
168 280
169 275
170 258
171 276
172 240
173 243
174 271
175 265
176 260
177 253
178 253
179 248
180 253
181 270
182 231
183 236
184 235
185 259
186 248
187 229
188 218
189 244
190 223
191 199
192 222
193 204
194 215
195 219
196 222
197 203
198 210
199 196
200 180
201 223
202 203
203 214
204 176
205 159
206 193
207 178
208 198
209 179
210 187
211 184
212 170
213 167
214 171
215 158
216 167
217 172
218 161
219 170
220 171
221 156
222 155
223 144
224 172
225 156
226 151
227 143
228 165
229 166
230 143
231 152
232 157
233 153
234 145
235 129
236 123
237 135
238 127
239 137
240 140
241 138
242 140
243 145
244 155
245 130
246 124
247 137
248 117
249 114
250 135
251 116
252 111
253 131
254 128
255 117
256 131
257 122
258 121
259 139
260 105
261 113
262 111
263 111
264 117
265 102
266 113
267 108
268 102
269 97
270 124
271 104
272 105
273 103
274 121
275 111
276 102
277 100
278 91
279 109
280 89
281 105
282 102
283 74
284 82
285 100
286 96
287 90
288 97
289 72
290 96
291 85
292 99
293 94
294 103
295 84
296 100
297 93
298 83
299 74
300 62
301 83
302 78
303 78
304 83
305 83
306 91
307 75
308 88
309 79
310 77
311 77
312 76
313 90
314 85
315 83
316 77
317 94
318 101
319 65
320 66
321 80
322 69
323 72
324 69
325 66
326 69
327 86
328 68
329 75
330 67
331 90
332 69
333 56
334 62
335 68
336 78
337 69
338 71
339 72
340 68
341 70
342 60
343 59
344 70
345 79
346 63
347 69
348 67
349 75
350 74
351 54
352 68
353 61
354 55
355 60
356 60
357 46
358 56
359 66
360 58
361 64
362 57
363 64
364 59
365 56
366 62
367 59
368 56
369 59
370 50
371 54
372 49
373 50
374 51
375 71
376 55
377 44
378 53
379 43
380 48
381 38
382 61
383 60
384 34
385 36
386 53
387 42
388 50
389 60
390 50
391 50
392 52
393 44
394 53
395 42
396 41
397 35
398 48
399 49
400 42
401 55
402 40
403 44
404 42
405 41
406 40
407 40
408 44
409 34
410 61
411 36
412 52
413 38
414 42
415 39
416 40
417 34
418 42
419 43
420 42
421 40
422 46
423 39
424 48
425 37
426 36
427 43
428 37
429 42
430 43
431 31
432 34
433 46
434 35
435 44
436 38
437 41
438 40
439 45
440 30
441 39
442 37
443 43
444 30
445 35
446 37
447 38
448 45
449 31
450 38
451 34
452 40
453 43
454 35
455 43
456 46
457 31
458 34
459 33
460 27
461 36
462 39
463 29
464 35
465 33
466 39
467 34
468 36
469 37
470 47
471 37
472 24
473 30
474 32
475 43
476 28
477 27
478 35
479 39
480 35
481 32
482 29
483 34
484 37
485 31
486 29
487 25
488 28
489 33
490 20
491 22
492 29
493 20
494 30
495 24
496 26
497 26
498 28
499 25
500 24
501 23
502 28
503 36
504 34
505 17
506 28
507 32
508 31
509 24
510 32
511 21
512 24
513 23
514 31
515 32
516 26
517 24
518 26
519 22
520 33
521 17
522 28
523 22
524 21
525 40
526 25
527 18
528 26
529 33
530 29
531 16
532 28
533 16
534 29
535 26
536 33
537 23
538 17
539 28
540 23
541 29
542 22
543 27
544 25
545 32
546 22
547 23
548 23
549 24
550 18
551 17
552 24
553 26
554 23
555 17
556 31
557 20
558 24
559 21
560 18
561 26
562 21
563 36
564 24
565 29
566 9
567 20
568 19
569 14
570 24
571 20
572 17
573 24
574 15
575 22
576 24
577 26
578 23
579 30
580 20
581 9
582 20
583 16
584 21
585 23
586 27
587 21
588 20
589 27
590 25
591 20
592 21
593 13
594 12
595 16
596 22
597 16
598 27
599 17
600 24
601 23
602 18
603 23
604 23
605 20
606 15
607 20
608 19
609 16
610 15
611 22
612 17
613 22
614 22
615 19
616 18
617 14
618 29
619 17
620 15
621 14
622 14
623 18
624 18
625 13
626 25
627 14
628 14
629 15
630 19
631 14
632 27
633 20
634 21
635 22
636 13
637 18
638 17
639 8
640 13
641 13
642 12
643 20
644 11
645 15
646 16
647 16
648 12
649 10
650 19
651 13
652 14
653 17
654 11
655 14
656 11
657 11
658 15
659 20
660 18
661 18
662 16
663 17
664 11
665 18
666 20
667 16
668 21
669 16
670 18
671 14
672 17
673 19
674 14
675 18
676 10
677 11
678 15
679 18
680 14
681 16
682 13
683 13
684 22
685 16
686 11
687 8
688 12
689 15
690 25
691 13
692 14
693 13
694 12
695 13
696 11
697 13
698 12
699 20
700 12
701 2
702 11
703 12
704 15
705 13
706 7
707 12
708 19
709 22
710 12
711 14
712 14
713 20
714 22
715 10
716 14
717 14
718 13
719 13
720 14
721 15
722 16
723 15
724 11
725 18
726 14
727 17
728 14
729 17
730 7
731 10
732 5
733 9
734 11
735 7
736 10
737 12
738 21
739 11
740 13
741 10
742 15
743 15
744 10
745 11
746 9
747 9
748 10
749 17
750 12
751 15
752 8
753 14
754 12
755 14
756 15
757 9
758 17
759 11
760 11
761 8
762 16
763 13
764 9
765 18
766 13
767 20
768 5
769 9
770 10
771 8
772 15
773 11
774 9
775 11
776 12
777 8
778 6
779 14
780 14
781 9
782 13
783 10
784 13
785 21
786 12
787 10
788 13
789 10
790 18
791 10
792 12
793 4
794 15
795 10
796 16
797 10
798 15
799 10
800 12
801 12
802 7
803 9
804 12
805 6
806 7
807 10
808 9
809 5
810 7
811 11
812 11
813 15
814 11
815 8
816 10
817 13
818 8
819 10
820 8
821 9
822 10
823 8
824 5
825 12
826 6
827 10
828 7
829 6
830 15
831 9
832 14
833 7
834 8
835 14
836 12
837 5
838 11
839 14
840 8
841 10
842 9
843 12
844 7
845 8
846 12
847 6
848 10
849 14
850 9
851 10
852 12
853 10
854 5
855 6
856 11
857 5
858 11
859 23
860 9
861 7
862 8
863 7
864 8
865 7
866 8
867 10
868 8
869 9
870 7
871 9
872 6
873 12
874 10
875 10
876 6
877 3
878 10
879 9
880 9
881 3
882 13
883 11
884 6
885 6
886 5
887 7
888 3
889 13
890 7
891 10
892 11
893 14
894 9
895 10
896 7
897 11
898 11
899 15
900 6
901 9
902 3
903 11
904 8
905 8
906 8
907 5
908 5
909 7
910 7
911 3
912 12
913 6
914 7
915 4
916 7
917 6
918 5
919 8
920 6
921 9
922 6
923 5
924 8
925 10
926 3
927 9
928 6
929 5
930 12
931 9
932 5
933 5
934 9
935 7
936 12
937 11
938 6
939 6
940 7
941 12
942 8
943 12
944 8
945 10
946 12
947 11
948 11
949 5
950 5
951 5
952 9
953 6
954 6
955 16
956 6
957 6
958 9
959 4
960 6
961 11
962 3
963 5
964 5
965 6
966 7
967 10
968 12
969 9
970 4
971 8
972 10
973 2
974 5
975 8
976 5
977 7
978 6
979 5
980 8
981 5
982 5
983 5
984 9
985 11
986 5
987 8
988 5
989 8
990 4
991 12
992 6
993 2
994 9
995 5
996 6
997 4
998 12
999 7
1000 7
1001 6
1002 13
1003 7
1004 7
1005 9
1006 8
1007 8
1008 2
1009 4
1010 4
1011 6
1012 5
1013 9
1014 5
1016 5
1017 7
1018 5
1019 4
1020 7
1021 11
1022 6
1023 3
1024 5
1025 5
1026 5
1027 9
1028 7
1029 5
1030 6
1031 4
1032 5
1033 8
1034 9
1035 6
1036 3
1037 3
1038 6
1039 5
1040 5
1041 3
1042 7
1043 8
1044 3
1045 5
1046 6
1047 2
1048 7
1049 10
1050 8
1051 6
1053 5
1054 7
1055 5
1056 7
1057 6
1058 7
1059 3
1060 10
1061 4
1062 2
1063 7
1064 7
1065 4
1066 7
1067 7
1068 6
1069 8
1070 7
1071 3
1072 11
1073 9
1074 9
1075 1
1076 9
1077 3
1078 3
1079 2
1080 4
1081 6
1082 5
1083 3
1084 6
1085 6
1086 5
1087 8
1089 6
1090 8
1091 9
1092 5
1093 6
1094 5
1095 3
1096 6
1097 5
1098 3
1099 3
1100 4
1101 6
1102 5
1103 6
1104 6
1105 6
1106 1
1107 2
1108 3
1109 5
1110 4
1111 3
1112 2
1113 5
1114 7
1115 8
1116 6
1117 8
1118 6
1119 4
1120 8
1121 7
1122 4
1123 5
1124 7
1125 2
1126 4
1127 3
1128 5
1129 7
1130 5
1131 4
1132 5
1133 4
1134 3
1135 3
1136 2
1137 3
1138 6
1139 4
1140 7
1141 5
1142 7
1143 5
1144 9
1145 4
1146 6
1147 9
1148 2
1149 6
1150 12
1151 4
1152 3
1153 4
1154 3
1155 8
1156 6
1157 4
1158 4
1159 3
1160 5
1161 3
1162 7
1163 8
1164 2
1165 4
1166 2
1167 2
1168 5
1169 3
1170 1
1171 5
1172 4
1173 3
1174 3
1175 5
1176 5
1177 1
1178 6
1179 3
1180 8
1181 4
1182 1
1183 4
1184 4
1185 5
1186 5
1187 2
1188 3
1189 2
1190 4
1191 5
1192 8
1193 5
1194 3
1195 5
1196 3
1197 3
1198 4
1199 3
1200 5
1201 2
1202 9
1203 5
1204 3
1205 3
1206 4
1207 8
1208 2
1209 5
1210 3
1211 2
1212 3
1213 7
1214 7
1215 9
1216 6
1217 4
1218 6
1219 6
1220 6
1221 5
1222 2
1223 8
1224 3
1225 3
1226 4
1227 8
1228 1
1229 5
1230 4
1231 4
1232 7
1233 7
1234 4
1235 2
1236 3
1237 8
1238 5
1239 3
1240 3
1241 2
1242 7
1243 4
1244 2
1245 2
1246 4
1247 2
1249 2
1250 4
1251 2
1252 6
1253 3
1254 2
1255 2
1256 3
1257 2
1258 3
1259 1
1260 5
1261 3
1262 1
1263 3
1264 1
1265 2
1266 4
1267 2
1268 1
1269 2
1270 5
1271 6
1272 1
1273 4
1274 4
1275 4
1276 2
1277 4
1278 4
1279 5
1280 2
1281 3
1282 2
1283 1
1284 3
1285 4
1286 4
1287 2
1288 1
1289 3
1290 3
1291 6
1292 2
1293 3
1294 5
1295 5
1296 1
1297 7
1298 3
1299 4
1300 1
1301 2
1302 4
1303 5
1304 4
1305 2
1306 1
1307 1
1309 4
1310 1
1311 3
1312 3
1313 9
1314 4
1315 4
1316 3
1317 3
1318 4
1319 1
1320 3
1321 4
1322 4
1323 3
1324 3
1325 6
1326 4
1327 2
1328 4
1329 3
1330 4
1331 6
1332 2
1333 4
1334 3
1335 1
1336 4
1337 2
1338 3
1339 3
1340 3
1341 2
1342 4
1343 1
1344 6
1345 3
1346 4
1347 1
1348 3
1349 4
1350 2
1353 1
1354 4
1355 3
1356 2
1357 5
1358 3
1359 7
1360 4
1361 2
1362 2
1363 2
1364 4
1365 1
1366 6
1367 3
1368 1
1369 7
1370 2
1371 4
1372 4
1373 3
1374 8
1375 4
1376 2
1377 2
1379 1
1380 2
1381 2
1382 4
1383 3
1384 1
1385 3
1386 4
1387 3
1388 4
1389 3
1390 2
1391 3
1393 3
1395 4
1396 3
1397 2
1398 2
1399 5
1400 2
1401 3
1402 2
1403 10
1404 2
1405 5
1406 4
1407 2
1408 2
1409 2
1410 3
1411 2
1412 6
1413 5
1414 3
1415 4
1416 5
1417 3
1418 2
1420 2
1422 4
1423 2
1426 1
1427 6
1428 3
1429 4
1430 5
1431 4
1432 3
1433 1
1434 1
1435 4
1436 4
1437 3
1438 2
1439 6
1440 3
1441 4
1442 7
1443 2
1444 3
1445 3
1446 7
1447 5
1448 4
1449 3
1450 3
1451 1
1452 2
1453 3
1454 1
1455 3
1457 4
1458 2
1459 3
1460 2
1461 2
1462 2
1463 3
1464 2
1465 2
1466 4
1467 1
1469 2
1471 3
1472 4
1474 5
1475 3
1476 5
1477 3
1478 3
1479 5
1480 4
1482 7
1483 1
1484 2
1485 3
1486 3
1487 3
1488 2
1489 4
1490 3
1491 3
1492 1
1493 4
1494 4
1495 2
1496 2
1497 5
1498 2
1499 1
1500 4
1501 1
1502 1
1503 3
1504 2
1505 3
1506 4
1507 1
1508 5
1509 2
1510 6
1511 6
1512 5
1513 2
1514 2
1515 1
1516 1
1517 1
1518 2
1519 3
1520 2
1521 4
1522 3
1523 1
1525 4
1527 3
1528 2
1529 2
1530 2
1531 2
1532 6
1533 5
1534 3
1535 1
1536 2
1537 4
1538 5
1539 3
1540 2
1541 1
1542 7
1543 2
1544 2
1545 9
1546 3
1548 3
1549 4
1550 4
1551 1
1552 4
1553 2
1554 1
1556 3
1557 2
1558 3
1559 5
1560 2
1561 1
1562 2
1563 4
1564 2
1565 5
1566 4
1567 3
1568 3
1569 3
1570 2
1571 3
1572 3
1574 2
1575 3
1576 3
1577 2
1578 4
1579 2
1580 4
1581 3
1582 4
1583 1
1584 1
1585 4
1588 1
1589 2
1590 2
1591 3
1592 1
1593 1
1595 1
1596 2
1597 3
1598 1
1600 1
1601 2
1602 3
1603 2
1604 2
1605 2
1606 6
1607 3
1608 2
1609 3
1610 2
1611 5
1612 1
1613 3
1614 2
1615 4
1616 3
1617 2
1619 2
1620 1
1621 4
1622 2
1623 1
1624 4
1625 3
1626 2
1627 3
1628 4
1629 1
1630 2
1631 3
1632 3
1634 2
1635 2
1636 1
1637 1
1638 5
1639 4
1640 1
1641 2
1642 1
1643 1
1644 2
1646 1
1647 3
1648 1
1650 1
1651 3
1652 3
1653 1
1654 4
1655 1
1656 6
1657 2
1658 2
1659 1
1660 2
1661 5
1662 2
1663 1
1664 2
1665 3
1666 3
1667 1
1668 1
1670 2
1671 1
1672 3
1673 3
1674 1
1675 5
1676 2
1677 2
1678 1
1679 2
1680 5
1682 2
1683 2
1685 4
1686 5
1687 2
1688 1
1689 3
1690 4
1691 2
1693 3
1694 1
1695 2
1697 4
1698 1
1699 4
1700 1
1701 1
1703 2
1705 1
1706 3
1707 1
1708 3
1709 3
1710 1
1711 1
1712 5
1713 2
1714 3
1715 1
1717 4
1718 2
1719 2
1720 2
1721 1
1722 1
1723 4
1724 2
1726 1
1727 2
1728 1
1729 2
1732 1
1733 2
1734 1
1735 4
1738 2
1739 4
1740 5
1741 3
1742 1
1743 2
1744 1
1745 1
1746 1
1747 3
1749 3
1751 3
1752 2
1753 3
1754 1
1755 2
1756 4
1758 3
1759 1
1760 2
1761 2
1762 1
1763 4
1764 3
1765 1
1767 2
1768 2
1769 1
1770 1
1771 3
1772 2
1773 4
1774 2
1775 1
1776 1
1777 1
1778 2
1779 1
1780 1
1781 2
1782 1
1783 4
1784 1
1787 5
1788 1
1791 1
1792 3
1794 6
1795 4
1796 2
1797 1
1798 1
1799 2
1800 1
1801 2
1802 1
1804 1
1805 2
1806 2
1807 1
1808 1
1809 4
1811 1
1812 1
1814 4
1815 2
1816 2
1818 2
1819 3
1820 2
1821 1
1823 1
1824 2
1825 2
1828 2
1829 3
1830 2
1831 2
1832 2
1833 2
1834 1
1835 1
1836 1
1837 1
1838 1
1839 1
1840 3
1841 3
1842 3
1844 2
1845 1
1846 2
1847 2
1848 2
1849 1
1850 1
1851 1
1852 2
1853 1
1854 1
1855 1
1856 1
1857 1
1858 2
1860 1
1862 1
1863 1
1864 2
1865 2
1866 2
1867 1
1868 3
1869 2
1870 2
1873 1
1875 1
1876 2
1877 1
1880 2
1881 2
1883 1
1884 1
1885 1
1886 1
1887 1
1888 1
1889 4
1890 3
1891 1
1892 1
1894 2
1895 5
1896 1
1897 1
1898 3
1899 2
1900 1
1901 2
1903 4
1904 1
1905 1
1906 1
1907 3
1908 2
1909 3
1910 1
1911 1
1913 2
1915 2
1916 2
1917 3
1918 3
1920 1
1921 3
1922 1
1924 2
1926 3
1927 2
1928 2
1929 1
1930 1
1931 3
1932 1
1933 4
1934 2
1935 3
1936 2
1937 1
1938 1
1939 2
1940 3
1941 2
1942 4
1945 1
1946 1
1947 4
1948 1
1949 3
1950 1
1951 1
1952 2
1953 1
1954 1
1955 1
1956 3
1957 1
1958 3
1959 4
1960 1
1961 3
1962 2
1965 2
1966 1
1967 2
1968 1
1969 1
1970 4
1972 2
1973 1
1975 1
1976 3
1977 1
1978 3
1979 2
1980 3
1981 3
1982 1
1983 2
1984 1
1985 2
1988 3
1991 1
1992 1
1994 3
1996 1
2000 1
2002 1
2003 2
2004 3
2007 1
2008 3
2009 1
2010 1
2012 1
2013 1
2014 3
2015 3
2016 1
2017 1
2018 1
2019 1
2020 1
2021 2
2023 1
2024 2
2025 2
2026 2
2028 3
2031 1
2032 1
2033 1
2037 3
2038 3
2039 1
2040 3
2041 1
2046 1
2047 2
2048 1
2049 2
2050 2
2052 1
2053 3
2055 2
2056 4
2057 1
2058 1
2059 1
2061 4
2063 2
2066 1
2067 2
2068 2
2069 1
2072 1
2073 1
2075 1
2077 1
2078 3
2079 4
2080 1
2081 2
2082 1
2083 2
2084 1
2085 2
2086 1
2087 2
2088 5
2089 1
2090 1
2092 2
2093 3
2094 1
2095 1
2097 1
2098 1
2099 1
2100 1
2101 1
2102 1
2104 4
2106 1
2107 3
2108 1
2109 1
2111 2
2113 1
2114 2
2115 2
2116 1
2117 2
2118 1
2119 3
2121 5
2122 2
2123 1
2124 3
2126 2
2127 2
2128 1
2129 1
2130 1
2132 1
2133 2
2134 1
2135 1
2137 2
2138 1
2140 1
2141 1
2143 2
2145 2
2149 1
2150 3
2151 1
2152 3
2153 4
2154 1
2156 2
2157 2
2158 1
2161 2
2162 2
2163 1
2165 1
2169 2
2172 3
2173 1
2176 3
2178 3
2179 2
2181 2
2182 2
2184 1
2185 1
2187 1
2188 2
2189 4
2191 2
2192 1
2194 1
2195 2
2196 2
2198 1
2199 1
2200 1
2201 2
2202 1
2203 2
2204 1
2208 4
2209 2
2210 1
2214 1
2215 1
2216 1
2217 1
2219 2
2223 2
2224 3
2225 4
2227 2
2228 1
2229 1
2232 3
2233 1
2234 1
2235 1
2237 3
2238 1
2239 1
2240 1
2242 1
2244 2
2247 2
2249 1
2250 1
2251 2
2252 2
2254 2
2255 3
2256 1
2257 1
2258 1
2259 1
2260 1
2266 2
2267 1
2269 2
2270 2
2271 1
2276 1
2278 1
2282 1
2284 1
2285 1
2287 1
2290 1
2291 1
2292 3
2293 1
2294 1
2296 4
2298 2
2300 1
2302 2
2303 1
2304 1
2305 1
2306 1
2308 1
2309 1
2312 1
2314 1
2317 1
2319 1
2320 1
2321 1
2322 1
2323 3
2324 2
2325 2
2326 3
2328 4
2329 1
2330 1
2331 2
2332 1
2333 1
2334 1
2336 1
2338 2
2339 1
2341 2
2342 2
2344 1
2346 2
2349 1
2350 2
2352 1
2353 2
2356 1
2357 1
2358 1
2360 1
2361 1
2362 1
2363 1
2365 1
2372 2
2373 1
2374 1
2375 2
2377 1
2378 1
2380 1
2381 1
2382 1
2383 3
2385 1
2388 1
2390 2
2392 1
2393 1
2394 1
2395 1
2396 1
2398 1
2400 1
2401 2
2403 3
2404 1
2405 3
2406 2
2407 1
2408 1
2409 1
2410 3
2412 1
2413 1
2414 1
2415 2
2416 2
2417 2
2418 1
2423 1
2424 1
2425 1
2427 1
2431 1
2432 3
2434 1
2435 1
2436 1
2437 1
2441 1
2443 2
2444 1
2449 2
2451 1
2452 2
2454 1
2457 1
2459 1
2460 1
2462 1
2465 1
2466 2
2467 1
2469 1
2471 4
2472 1
2473 2
2474 1
2475 2
2476 1
2478 1
2479 1
2480 1
2482 1
2484 1
2485 1
2487 2
2489 1
2492 1
2493 1
2494 1
2495 1
2496 1
2497 1
2500 1
2501 1
2504 1
2505 2
2506 2
2507 1
2510 1
2511 2
2513 2
2514 2
2516 2
2517 1
2520 1
2521 1
2522 2
2525 1
2526 1
2529 1
2534 1
2537 2
2540 1
2544 1
2545 3
2546 2
2547 2
2548 1
2550 2
2551 1
2557 1
2558 1
2559 3
2561 1
2562 2
2563 1
2564 3
2568 1
2571 1
2572 1
2573 1
2576 1
2578 1
2579 1
2580 1
2584 1
2587 1
2591 1
2592 1
2593 1
2594 3
2597 1
2598 2
2599 1
2600 1
2601 1
2603 1
2604 3
2605 2
2606 1
2608 1
2610 1
2611 1
2613 1
2614 2
2615 2
2616 2
2617 2
2618 1
2620 1
2624 1
2626 2
2627 1
2628 2
2631 1
2634 4
2637 1
2643 2
2644 3
2645 1
2646 1
2647 1
2648 1
2649 2
2650 1
2651 1
2653 1
2654 1
2655 1
2657 2
2660 1
2662 1
2664 1
2665 1
2667 2
2668 2
2673 1
2675 1
2677 1
2678 2
2679 1
2681 2
2684 1
2686 2
2688 3
2691 3
2692 1
2693 1
2694 1
2695 1
2696 1
2697 2
2699 1
2700 1
2705 1
2706 2
2708 1
2710 1
2715 1
2716 1
2718 1
2720 1
2722 1
2723 1
2724 1
2726 1
2727 3
2728 2
2729 1
2731 1
2732 1
2733 3
2734 1
2735 1
2738 1
2740 1
2741 1
2743 1
2747 1
2748 1
2751 1
2752 1
2753 1
2754 1
2755 1
2756 2
2757 1
2758 1
2759 1
2761 2
2763 3
2768 1
2769 1
2774 2
2779 1
2782 2
2785 1
2796 1
2797 2
2799 1
2807 1
2809 2
2811 1
2812 1
2813 2
2814 2
2816 1
2817 1
2818 2
2823 1
2827 1
2828 1
2829 1
2830 1
2833 1
2834 1
2837 2
2838 1
2839 1
2843 1
2844 1
2846 3
2848 1
2850 1
2851 1
2852 1
2853 2
2854 1
2855 1
2861 1
2862 1
2864 1
2866 2
2868 1
2870 1
2871 4
2873 1
2874 3
2875 1
2879 1
2881 1
2882 2
2883 1
2887 4
2888 1
2889 1
2894 1
2895 1
2896 1
2897 1
2899 1
2900 3
2902 2
2904 1
2906 1
2911 2
2916 1
2918 1
2920 1
2921 2
2923 3
2926 1
2927 1
2929 1
2933 1
2935 1
2937 1
2939 3
2940 1
2948 1
2952 1
2953 1
2961 1
2962 1
2965 1
2974 1
2975 2
2978 1
2979 1
2981 1
2983 2
2984 1
2985 1
2986 1
2987 2
2988 1
2989 1
2990 1
2994 2
2995 2
2997 1
2998 1
2999 1
3001 1
3002 1
3003 1
3006 1
3007 1
3008 1
3010 1
3011 3
3013 1
3016 2
3019 1
3020 1
3023 3
3026 3
3030 2
3032 1
3033 4
3034 1
3037 2
3041 1
3048 1
3049 1
3053 1
3055 1
3056 1
3059 1
3060 1
3062 1
3063 1
3065 1
3066 1
3068 1
3072 1
3077 2
3081 3
3082 1
3083 1
3085 1
3087 1
3089 1
3091 1
3092 1
3094 2
3095 2
3103 1
3105 1
3106 1
3109 2
3110 1
3116 2
3117 1
3118 1
3123 1
3124 1
3128 1
3129 1
3130 1
3131 1
3132 1
3134 2
3136 1
3138 2
3141 1
3142 1
3147 2
3149 1
3150 1
3152 1
3154 1
3158 1
3159 2
3168 1
3171 2
3175 1
3178 1
3180 1
3182 1
3183 1
3187 1
3194 1
3195 2
3199 1
3212 1
3213 3
3215 1
3216 1
3217 1
3221 2
3225 1
3231 2
3236 1
3241 1
3244 1
3246 1
3247 1
3253 1
3254 1
3255 1
3260 1
3266 1
3269 2
3272 1
3274 1
3277 1
3280 1
3281 2
3284 1
3285 1
3286 1
3287 1
3288 1
3289 1
3293 1
3296 1
3297 1
3301 1
3302 1
3304 1
3305 1
3306 1
3307 1
3310 1
3313 3
3315 2
3317 1
3318 2
3319 1
3325 1
3326 1
3329 4
3333 1
3336 1
3337 1
3342 1
3344 1
3347 1
3348 1
3350 1
3353 1
3354 1
3359 1
3363 1
3371 1
3374 1
3375 1
3376 1
3377 2
3378 1
3380 1
3383 1
3384 1
3386 1
3388 1
3400 1
3401 1
3402 3
3403 1
3405 2
3406 1
3408 1
3417 2
3421 1
3428 1
3431 1
3441 1
3443 2
3445 1
3446 2
3451 1
3454 1
3455 1
3459 1
3462 1
3464 2
3465 1
3467 3
3475 1
3476 1
3479 2
3481 1
3488 1
3491 2
3496 2
3497 1
3500 2
3502 1
3512 1
3516 1
3520 1
3521 1
3522 1
3535 1
3536 1
3539 1
3542 1
3544 1
3546 1
3549 1
3551 2
3552 2
3559 1
3563 1
3571 1
3573 2
3577 1
3580 1
3581 1
3584 1
3586 1
3594 1
3599 1
3600 1
3602 2
3608 1
3609 1
3613 2
3615 1
3616 1
3621 1
3623 1
3630 1
3636 1
3639 1
3642 1
3644 1
3646 1
3649 1
3650 1
3654 1
3655 1
3659 1
3663 2
3664 1
3667 1
3671 1
3673 1
3674 1
3676 2
3678 1
3682 1
3687 1
3688 1
3692 1
3694 1
3695 1
3703 1
3705 1
3710 1
3721 2
3722 1
3724 1
3727 1
3730 1
3732 2
3736 1
3737 1
3743 1
3746 1
3747 2
3762 2
3763 1
3766 1
3767 1
3769 1
3772 1
3773 1
3776 3
3784 1
3785 1
3786 1
3789 1
3790 1
3791 1
3797 2
3798 1
3800 1
3801 1
3802 1
3805 1
3812 1
3815 2
3816 1
3824 1
3827 1
3831 1
3834 1
3836 1
3838 1
3841 2
3843 1
3845 1
3847 1
3848 1
3857 2
3860 1
3869 1
3873 1
3875 1
3877 1
3883 1
3887 1
3898 1
3899 1
3901 1
3903 1
3918 1
3930 1
3931 1
3935 1
3939 1
3945 1
3946 1
3952 1
3953 1
3955 1
3957 1
3960 1
3970 2
3971 1
3975 1
3982 1
3992 2
3995 1
3996 1
4001 1
4006 1
4008 1
4009 1
4010 1
4014 1
4016 1
4019 1
4026 1
4028 1
4031 1
4037 1
4038 1
4041 1
4050 1
4064 1
4065 1
4066 2
4068 1
4072 1
4082 1
4086 2
4090 1
4094 1
4098 1
4101 1
4102 1
4103 1
4107 1
4113 1
4119 1
4131 1
4138 1
4140 2
4154 1
4159 2
4160 1
4169 1
4171 1
4175 1
4177 1
4189 2
4190 2
4200 1
4203 1
4205 1
4219 1
4222 1
4230 1
4236 1
4246 1
4249 1
4255 1
4257 1
4270 1
4273 1
4275 1
4278 1
4282 1
4285 1
4296 1
4297 1
4302 2
4312 1
4318 1
4319 1
4325 1
4327 1
4331 2
4333 2
4336 2
4338 2
4339 1
4342 1
4343 1
4344 1
4349 1
4350 1
4353 1
4355 1
4360 1
4365 1
4367 1
4383 1
4386 1
4392 1
4400 1
4401 1
4402 1
4403 1
4409 1
4413 1
4423 1
4430 1
4439 1
4440 1
4451 1
4467 1
4470 1
4472 1
4473 1
4483 1
4486 1
4491 1
4494 1
4508 2
4512 1
4518 1
4520 1
4526 1
4532 1
4533 1
4538 1
4544 1
4555 1
4557 1
4570 1
4574 1
4576 2
4584 1
4588 1
4591 1
4592 1
4600 1
4601 1
4602 1
4603 1
4617 1
4621 1
4625 1
4629 1
4640 1
4641 1
4655 1
4656 1
4673 2
4676 1
4679 1
4683 1
4693 1
4694 1
4699 1
4701 2
4708 1
4717 1
4724 1
4730 1
4733 1
4744 1
4768 1
4771 2
4777 2
4782 1
4789 1
4793 1
4804 1
4815 1
4817 1
4835 1
4838 1
4839 1
4857 1
4864 1
4865 1
4894 1
4895 1
4899 1
4900 1
4902 1
4913 1
4917 1
4926 2
4940 1
4948 1
4950 1
4959 1
4965 1
4971 1
4974 2
4978 1
4988 1
4997 1
4998 1
5016 1
5020 1
5026 1
5031 1
5038 1
5040 1
5041 1
5044 1
5046 1
5047 1
5052 1
5053 1
5061 1
5073 1
5086 1
5101 1
5108 2
5112 1
5119 1
5122 1
5131 1
5136 2
5157 1
5173 1
5179 1
5182 1
5187 1
5193 1
5200 1
5204 1
5208 1
5223 1
5229 1
5246 1
5248 2
5250 2
5252 1
5264 1
5275 1
5285 1
5291 1
5295 1
5299 2
5300 1
5305 1
5309 1
5311 1
5313 1
5317 1
5320 1
5330 1
5335 1
5338 1
5347 1
5356 1
5371 1
5387 1
5422 1
5425 1
5430 1
5442 1
5450 1
5467 1
5491 1
5494 1
5499 1
5507 1
5508 1
5511 1
5515 1
5516 1
5521 1
5532 1
5541 1
5566 2
5572 1
5575 1
5594 1
5596 1
5614 2
5627 1
5636 1
5638 1
5658 1
5665 1
5670 1
5699 1
5700 1
5709 1
5725 1
5726 1
5733 1
5736 1
5742 1
5753 1
5756 1
5765 1
5773 1
5777 1
5781 1
5795 1
5799 1
5817 1
5818 1
5822 1
5826 1
5849 1
5859 1
5924 1
5927 1
5930 1
5936 1
5941 1
5942 1
5949 1
5957 1
5965 1
5973 1
5984 2
5987 1
5991 1
5997 1
6004 1
6005 1
6015 1
6024 2
6033 1
6040 1
6043 1
6049 1
6082 1
6083 1
6086 2
6093 2
6109 1
6124 1
6126 1
6129 1
6185 1
6186 1
6193 1
6207 1
6208 1
6219 1
6221 1
6229 1
6260 2
6268 1
6269 1
6270 1
6273 1
6285 1
6295 1
6302 1
6334 1
6338 1
6341 1
6364 1
6395 1
6396 1
6397 1
6404 1
6410 1
6440 1
6442 1
6456 1
6462 1
6484 1
6535 1
6537 1
6539 1
6553 1
6556 1
6563 1
6589 1
6597 1
6631 1
6638 1
6659 1
6714 1
6727 1
6736 1
6763 1
6765 1
6767 1
6773 1
6774 1
6784 1
6816 1
6847 1
6857 1
6862 1
6882 1
6939 1
6941 1
6950 1
6965 1
6970 1
6976 1
6999 1
7013 1
7067 1
7104 1
7108 1
7136 1
7192 1
7197 1
7226 1
7230 1
7254 1
7255 1
7296 1
7302 1
7335 1
7343 1
7349 1
7365 1
7366 1
7371 1
7402 1
7410 1
7424 1
7499 1
7508 1
7524 1
7604 1
7617 1
7628 1
7629 1
7693 1
7751 1
7788 1
7807 1
7860 1
7861 1
7876 1
7905 1
7921 1
7971 1
7973 1
8024 1
8027 1
8053 1
8056 1
8078 1
8124 1
8126 1
8174 1
8178 1
8208 1
8218 1
8255 1
8257 1
8276 2
8281 2
8298 1
8330 1
8332 1
8350 1
8382 1
8510 1
8512 2
8526 1
8531 1
8541 1
8559 1
8586 1
8589 1
8637 1
8650 1
8700 1
8710 1
8723 1
8750 1
8778 1
8785 1
8810 1
8866 1
8871 1
8881 1
8930 1
8932 1
8939 1
8982 1
9021 1
9047 1
9060 1
9083 1
9111 1
9138 1
9146 1
9155 1
9206 1
9276 1
9336 1
9482 1
9497 1
9500 1
9526 1
9559 1
9610 1
9644 1
9664 1
9689 1
9731 1
9775 1
9776 1
9796 1
9802 1
9804 1
9951 1
10019 1
10106 1
10123 1
10168 1
10183 1
10283 1
10291 1
10298 1
10310 1
10355 1
10386 1
10433 1
10442 1
10476 1
10504 1
10527 1
10530 1
10537 1
10539 1
10553 1
10605 1
10645 1
10659 1
10699 1
10729 1
10763 1
10782 1
10885 1
10918 1
10997 1
10998 1
11061 1
11070 1
11081 1
11102 1
11122 1
11157 1
11164 1
11241 1
11262 1
11282 1
11307 1
11342 1
11434 1
11522 1
11600 1
11629 1
11664 1
11700 1
11794 1
11819 1
11871 1
11935 1
12029 1
12177 1
12419 1
12431 1
12435 1
12439 1
12519 1
12570 1
12577 2
12608 1
12654 1
12921 1
13213 1
13233 1
13444 1
13528 1
13934 1
13975 1
13989 1
14017 1
14187 1
14230 1
14234 1
14390 1
14567 1
14724 1
14861 1
14880 1
14959 1
14976 1
15132 1
15139 1
15301 1
15336 1
15479 1
15493 1
15564 1
15708 1
15803 1
16132 1
16177 1
16258 1
16282 1
16337 1
16493 1
16576 1
16731 1
16761 1
16830 1
16847 1
17143 1
17162 1
17258 1
17566 1
17717 1
17731 1
17886 1
18019 1
18093 1
18179 1
18248 1
18289 1
18303 1
18402 1
18960 1
19020 1
19043 1
19434 1
19706 1
20549 1
20852 1
20918 1
20992 1
21013 1
21230 1
21414 1
21427 1
21566 1
21676 1
22737 1
22798 1
22799 1
23386 1
23524 1
23836 1
24056 1
24079 1
24138 1
24177 1
25428 1
25490 1
25793 1
25808 1
25964 1
26022 1
26179 1
27368 1
27958 1
27992 1
28582 1
28701 1
28923 1
29185 1
29576 1
29589 1
29780 1
29838 1
29920 1
30333 1
30544 1
32087 1
32622 1
33283 1
33364 1
34291 1
34513 1
35322 1
36385 1
36851 1
37083 1
38188 1
40334 1
40605 1
43623 1
43698 1
46327 1
51095 1
52240 1
53607 1
62158 1
69521 1
72601 1
78660 1
147939 1
196784 1
300185 1
