1 319018
2 97164
3 44600
4 25103
5 15921
6 11076
7 8065
8 5993
9 4742
10 3871
11 3119
12 2565
13 2213
14 1897
15 1570
16 1468
17 1210
18 1094
19 1010
20 889
21 824
22 721
23 654
24 599
25 528
26 507
27 476
28 473
29 434
30 378
31 354
32 305
33 279
34 252
35 233
36 235
37 239
38 198
39 202
40 190
41 176
42 197
43 166
44 147
45 173
46 146
47 130
48 164
49 120
50 112
51 122
52 115
53 90
54 104
55 96
56 85
57 82
58 99
59 81
60 78
61 75
62 80
63 73
64 57
65 81
66 60
67 49
68 53
69 55
70 71
71 71
72 55
73 45
74 35
75 44
76 47
77 41
78 47
79 33
80 40
81 40
82 37
83 27
84 32
85 30
86 43
87 31
88 38
89 35
90 26
91 28
92 38
93 31
94 27
95 38
96 22
97 25
98 20
99 22
100 22
101 28
102 34
103 38
104 31
105 16
106 21
107 24
108 19
109 20
110 15
111 29
112 22
113 21
114 18
115 21
116 13
117 13
118 12
119 18
120 20
121 13
122 20
123 14
124 16
125 17
126 19
127 14
128 13
129 16
130 12
131 25
132 9
133 17
134 11
135 10
136 21
137 10
138 8
139 13
140 14
141 12
142 14
143 11
144 12
145 10
146 8
147 12
148 13
149 13
150 13
151 15
152 11
153 7
154 5
155 9
156 7
157 12
158 8
159 8
160 12
161 8
162 6
163 8
164 10
165 11
166 7
167 8
168 15
169 9
170 9
171 10
172 2
173 8
174 9
175 11
176 7
177 2
178 10
179 5
180 1
181 5
182 7
183 7
184 5
185 9
186 7
187 5
188 7
189 1
190 10
191 3
192 8
193 9
194 2
195 6
196 7
197 8
198 5
199 2
200 7
201 6
202 4
203 3
204 6
205 2
206 6
207 6
208 5
209 6
210 3
211 5
212 3
213 4
214 8
215 5
216 3
217 7
218 6
219 4
220 5
221 2
222 1
223 2
224 8
225 4
226 3
227 2
228 4
229 4
230 4
231 3
232 3
233 4
234 5
235 9
236 3
237 3
238 6
239 3
240 7
241 7
242 6
243 2
244 4
245 1
246 4
247 6
248 2
250 2
251 7
252 3
253 6
254 3
255 3
256 4
257 4
258 2
259 4
260 3
261 1
262 2
264 6
266 4
268 2
270 3
271 5
272 1
273 3
274 3
275 2
276 6
277 6
278 6
279 2
280 4
281 1
282 4
284 5
285 1
286 2
287 6
288 3
290 2
291 4
292 1
293 1
295 2
296 6
297 5
298 2
299 1
300 2
301 1
302 2
305 3
306 2
307 1
308 2
309 1
310 5
311 1
312 1
313 3
314 1
315 4
316 1
317 1
318 1
319 1
320 6
321 3
322 2
323 3
324 3
325 2
326 1
327 2
328 3
329 2
330 1
332 3
333 3
335 1
336 3
337 1
339 3
340 1
341 2
343 2
344 2
345 2
346 3
347 1
348 1
349 2
350 1
351 1
352 2
353 2
356 2
359 3
360 2
361 1
364 2
366 2
367 1
368 2
369 2
370 2
372 3
373 3
374 3
375 3
376 1
378 1
379 1
381 2
382 1
383 1
384 1
385 1
386 3
387 1
390 2
393 1
394 5
395 2
396 2
397 1
398 2
399 1
400 2
401 1
403 3
404 3
407 1
408 2
410 3
414 1
415 1
416 1
418 1
419 1
420 2
421 1
423 1
425 1
426 1
427 1
428 1
430 1
431 3
432 1
433 1
435 2
436 1
438 1
440 1
441 2
442 1
443 3
445 1
447 1
448 1
452 1
455 1
456 4
457 2
458 2
462 4
463 1
465 1
467 1
469 1
470 1
471 1
472 1
473 3
474 2
478 2
479 3
482 2
484 1
485 1
486 1
489 1
493 1
494 2
495 1
497 1
501 1
503 2
504 2
505 2
509 1
511 1
512 2
513 1
514 1
516 2
518 1
519 1
521 1
522 1
523 2
525 1
527 1
530 2
532 1
536 3
539 2
540 1
545 1
546 2
547 2
548 1
549 1
552 1
553 1
556 1
557 1
561 1
571 2
575 1
577 1
580 2
581 1
593 1
599 1
601 1
604 1
606 1
608 1
612 1
613 1
614 2
619 1
620 1
622 1
623 1
625 2
629 1
630 2
632 1
636 1
643 1
648 1
657 1
658 1
663 1
685 3
687 1
691 1
692 1
695 1
704 1
707 2
715 1
717 1
721 1
723 1
729 1
732 1
733 1
735 1
743 1
749 1
753 1
760 1
762 1
763 1
764 1
765 1
772 1
775 1
780 1
785 1
786 1
787 1
790 1
791 1
819 1
824 1
827 1
831 1
841 1
844 1
845 1
899 1
912 1
921 1
933 1
940 1
943 1
948 1
949 1
957 1
961 2
983 1
1007 1
1010 1
1011 1
1021 1
1024 1
1045 1
1047 1
1055 1
1075 1
1084 1
1097 1
1098 1
1104 1
1119 1
1126 2
1131 2
1135 1
1139 1
1151 1
1155 1
1157 1
1174 1
1183 1
1197 1
1238 1
1240 1
1279 1
1322 2
1337 1
1349 1
1359 1
1375 1
1382 1
1394 1
1407 1
1412 1
1421 1
1427 1
1446 1
1482 1
1524 1
1531 1
1542 1
1555 1
1605 1
1745 1
1780 1
1783 1
1874 1
1875 1
1920 1
1930 1
1932 1
1968 1
1997 1
2053 1
2135 1
2232 1
2246 1
2303 1
2494 1
2502 1
2629 1
3078 1
3278 1
3712 1
4232 1
4358 1
