1 2535979
2 899327
3 464205
4 288883
5 200197
6 147879
7 113454
8 90305
9 73781
10 61279
11 52579
12 45179
13 39255
14 34569
15 30823
16 27536
17 24630
18 22132
19 20338
20 18531
21 16902
22 15811
23 14636
24 13418
25 12429
26 11597
27 10953
28 10136
29 9554
30 9004
31 8469
32 7915
33 7601
34 7124
35 6926
36 6445
37 6118
38 5848
39 5697
40 5397
41 5038
42 4973
43 4845
44 4426
45 4238
46 4096
47 3858
48 3812
49 3777
50 3617
51 3388
52 3255
53 3217
54 3026
55 2927
56 2791
57 2772
58 2779
59 2651
60 2498
61 2375
62 2357
63 2301
64 2185
65 2201
66 2160
67 2043
68 2002
69 1975
70 1865
71 1824
72 1775
73 1755
74 1646
75 1590
76 1642
77 1591
78 1548
79 1481
80 1531
81 1414
82 1406
83 1448
84 1410
85 1271
86 1255
87 1268
88 1237
89 1172
90 1174
91 1173
92 1081
93 1114
94 1073
95 1053
96 1041
97 1041
98 980
99 956
100 969
101 970
102 927
103 897
104 893
105 908
106 775
107 798
108 813
109 851
110 794
111 814
112 698
113 710
114 726
115 753
116 752
117 664
118 666
119 646
120 663
121 687
122 623
123 618
124 612
125 656
126 616
127 605
128 560
129 642
130 543
131 599
132 568
133 535
134 567
135 502
136 540
137 517
138 542
139 507
140 490
141 535
142 516
143 498
144 458
145 484
146 484
147 469
148 465
149 433
150 445
151 408
152 415
153 413
154 389
155 419
156 397
157 417
158 385
159 373
160 342
161 356
162 369
163 377
164 344
165 361
166 351
167 336
168 322
169 343
170 348
171 331
172 328
173 331
174 302
175 332
176 313
177 291
178 315
179 297
180 300
181 294
182 280
183 291
184 301
185 292
186 317
187 264
188 285
189 259
190 281
191 236
192 259
193 230
194 264
195 238
196 236
197 234
198 250
199 241
200 242
201 260
202 213
203 225
204 215
205 238
206 223
207 220
208 235
209 232
210 229
211 224
212 203
213 228
214 201
215 209
216 224
217 196
218 209
219 215
220 184
221 198
222 189
223 211
224 178
225 194
226 177
227 210
228 169
229 202
230 182
231 159
232 185
233 186
234 194
235 184
236 182
237 175
238 165
239 168
240 175
241 137
242 192
243 178
244 170
245 160
246 168
247 161
248 136
249 155
250 148
251 161
252 163
253 144
254 162
255 145
256 142
257 146
258 145
259 134
260 142
261 122
262 129
263 142
264 168
265 123
266 140
267 120
268 134
269 152
270 161
271 139
272 135
273 145
274 130
275 119
276 112
277 119
278 125
279 115
280 119
281 111
282 120
283 140
284 123
285 107
286 102
287 126
288 123
289 120
290 116
291 113
292 129
293 130
294 115
295 112
296 109
297 99
298 116
299 111
300 119
301 78
302 113
303 113
304 104
305 90
306 99
307 97
308 105
309 96
310 111
311 105
312 79
313 90
314 104
315 96
316 100
317 91
318 91
319 91
320 95
321 112
322 92
323 100
324 83
325 96
326 96
327 96
328 94
329 75
330 96
331 82
332 72
333 91
334 87
335 87
336 84
337 64
338 82
339 77
340 81
341 86
342 87
343 75
344 94
345 76
346 70
347 64
348 82
349 73
350 75
351 58
352 69
353 73
354 88
355 79
356 84
357 87
358 61
359 61
360 73
361 61
362 71
363 67
364 80
365 68
366 58
367 76
368 78
369 66
370 61
371 65
372 73
373 59
374 59
375 71
376 60
377 72
378 67
379 73
380 68
381 59
382 66
383 66
384 52
385 45
386 75
387 64
388 77
389 59
390 61
391 41
392 67
393 66
394 61
395 61
396 63
397 53
398 61
399 51
400 59
401 60
402 59
403 68
404 60
405 64
406 42
407 63
408 66
409 56
410 57
411 49
412 53
413 49
414 43
415 56
416 59
417 65
418 53
419 63
420 48
421 54
422 53
423 54
424 42
425 52
426 46
427 45
428 48
429 39
430 54
431 41
432 43
433 55
434 63
435 50
436 43
437 55
438 52
439 50
440 44
441 46
442 52
443 46
444 49
445 63
446 49
447 39
448 40
449 41
450 39
451 40
452 46
453 47
454 54
455 42
456 42
457 47
458 39
459 36
460 38
461 40
462 54
463 47
464 45
465 54
466 36
467 41
468 52
469 45
470 42
471 43
472 36
473 38
474 41
475 43
476 29
477 44
478 40
479 32
480 38
481 47
482 40
483 34
484 25
485 35
486 46
487 40
488 40
489 42
490 48
491 41
492 54
493 41
494 50
495 34
496 36
497 34
498 31
499 45
500 32
501 43
502 34
503 28
504 39
505 35
506 33
507 28
508 39
509 34
510 35
511 28
512 30
513 28
514 41
515 37
516 37
517 42
518 34
519 33
520 27
521 26
522 42
523 43
524 35
525 35
526 36
527 32
528 32
529 31
530 28
531 41
532 43
533 23
534 33
535 32
536 43
537 27
538 28
539 21
540 28
541 33
542 35
543 37
544 22
545 36
546 21
547 32
548 23
549 23
550 30
551 35
552 28
553 36
554 28
555 31
556 36
557 24
558 29
559 30
560 20
561 28
562 23
563 27
564 32
565 24
566 31
567 31
568 23
569 28
570 32
571 28
572 25
573 31
574 23
575 21
576 38
577 27
578 18
579 28
580 20
581 28
582 22
583 25
584 23
585 25
586 30
587 26
588 27
589 30
590 34
591 26
592 21
593 30
594 20
595 22
596 20
597 26
598 23
599 22
600 23
601 26
602 25
603 24
604 32
605 32
606 23
607 22
608 24
609 24
610 25
611 20
612 19
613 27
614 22
615 21
616 17
617 19
618 26
619 22
620 30
621 33
622 25
623 25
624 23
625 23
626 24
627 34
628 25
629 29
630 24
631 25
632 22
633 24
634 21
635 26
636 25
637 24
638 36
639 21
640 15
641 29
642 21
643 23
644 19
645 22
646 28
647 16
648 25
649 23
650 25
651 21
652 18
653 25
654 14
655 19
656 20
657 26
658 16
659 22
660 17
661 17
662 17
663 19
664 16
665 16
666 21
667 26
668 15
669 16
670 14
671 19
672 17
673 26
674 17
675 21
676 19
677 18
678 25
679 20
680 20
681 20
682 26
683 9
684 20
685 19
686 19
687 17
688 17
689 16
690 18
691 19
692 13
693 15
694 18
695 20
696 26
697 22
698 20
699 10
700 19
701 17
702 20
703 14
704 20
705 16
706 16
707 10
708 17
709 10
710 23
711 20
712 15
713 21
714 15
715 14
716 16
717 15
718 19
719 20
720 17
721 17
722 9
723 22
724 17
725 19
726 14
727 20
728 15
729 14
730 18
731 16
732 19
733 18
734 21
735 16
736 13
737 12
738 16
739 16
740 18
741 9
742 9
743 21
744 10
745 15
746 14
747 10
748 19
749 19
750 10
751 12
752 10
753 13
754 18
755 13
756 19
757 9
758 14
759 15
760 20
761 24
762 8
763 10
764 22
765 20
766 18
767 14
768 19
769 14
770 12
771 10
772 14
773 14
774 14
775 28
776 18
777 11
778 10
779 22
780 15
781 19
782 8
783 14
784 14
785 22
786 10
787 16
788 17
789 16
790 9
791 14
792 13
793 17
794 12
795 12
796 13
797 10
798 16
799 14
800 16
801 11
802 12
803 16
804 15
805 14
806 13
807 16
808 21
809 13
810 12
811 13
812 8
813 18
814 13
815 12
816 13
817 13
818 21
819 14
820 14
821 12
822 11
823 8
824 10
825 18
826 12
827 9
828 17
829 12
830 7
831 13
832 15
833 14
834 13
835 9
836 16
837 12
838 8
839 10
840 8
841 8
842 9
843 9
844 11
845 7
846 12
847 12
848 9
849 11
850 12
851 17
852 10
853 8
854 10
855 9
856 9
857 11
858 18
859 17
860 12
861 10
862 6
863 9
864 3
865 14
866 14
867 5
868 9
869 11
870 13
871 14
872 11
873 5
874 13
875 10
876 7
877 6
878 7
879 12
880 7
881 8
882 11
883 16
884 12
885 12
886 13
887 9
888 12
889 12
890 12
891 14
892 7
893 12
894 8
895 10
896 15
897 10
898 9
899 7
900 9
901 13
902 10
903 11
904 9
905 3
906 5
907 12
908 9
909 11
910 13
911 13
912 14
913 9
914 9
915 9
916 4
917 9
918 11
919 8
920 11
921 7
922 6
923 10
924 13
925 8
926 16
927 10
928 11
929 9
930 9
931 11
932 16
933 6
934 10
935 7
936 12
937 14
938 10
939 6
940 3
941 12
942 9
943 9
944 9
945 10
946 7
947 11
948 10
949 9
950 9
951 6
952 9
953 5
954 9
955 8
956 6
957 8
958 10
959 5
960 6
961 8
962 9
963 7
964 12
965 4
966 7
967 6
968 8
969 9
970 9
971 13
972 14
973 11
974 5
975 7
976 10
977 8
978 7
979 9
980 9
981 10
982 7
983 7
984 6
985 6
986 9
987 6
988 10
989 7
990 8
991 6
992 9
993 6
994 5
995 9
996 10
997 9
998 12
999 5
1000 12
1001 6
1002 5
1003 7
1004 5
1005 7
1006 9
1007 7
1008 11
1009 7
1010 10
1011 8
1012 11
1013 10
1014 9
1015 8
1016 8
1017 8
1018 12
1019 4
1020 11
1021 7
1022 10
1023 10
1024 13
1025 8
1026 7
1027 11
1028 8
1029 16
1030 9
1031 3
1032 5
1033 11
1034 6
1035 6
1036 13
1037 2
1038 8
1039 9
1040 2
1041 8
1042 8
1043 3
1044 5
1045 6
1046 7
1047 8
1048 11
1049 5
1050 4
1051 6
1052 8
1053 8
1054 7
1055 8
1056 3
1057 7
1058 6
1059 9
1060 6
1061 6
1062 3
1063 7
1064 12
1065 8
1066 5
1067 4
1068 6
1069 4
1070 4
1071 8
1072 10
1073 7
1074 5
1075 8
1076 11
1077 10
1078 6
1079 5
1080 7
1081 5
1082 10
1083 9
1084 11
1085 5
1086 1
1087 5
1088 9
1089 8
1090 6
1091 9
1092 6
1093 8
1094 6
1095 7
1096 9
1097 5
1098 9
1099 6
1100 10
1101 3
1102 4
1103 7
1104 5
1105 3
1106 12
1107 7
1108 3
1109 4
1110 7
1111 9
1112 6
1113 9
1114 3
1115 5
1116 10
1117 3
1118 11
1119 5
1120 9
1121 6
1122 9
1123 8
1124 7
1125 2
1126 9
1127 10
1128 1
1129 10
1130 5
1131 6
1132 4
1133 7
1134 4
1135 6
1136 4
1137 8
1138 3
1139 7
1140 4
1141 11
1142 10
1143 13
1144 11
1145 9
1146 4
1147 5
1148 10
1149 6
1150 6
1151 7
1152 11
1153 3
1154 3
1155 4
1156 7
1157 6
1158 6
1159 5
1160 8
1161 2
1162 9
1163 1
1164 6
1165 5
1166 8
1167 8
1168 6
1169 9
1170 6
1171 1
1172 4
1173 4
1174 2
1175 6
1176 5
1177 4
1178 4
1179 10
1180 4
1181 5
1182 5
1183 3
1184 3
1185 2
1186 3
1187 9
1188 4
1189 6
1190 3
1191 3
1192 4
1193 5
1194 6
1195 4
1196 7
1197 5
1198 2
1199 9
1200 5
1201 10
1202 2
1203 4
1204 4
1205 8
1206 8
1207 6
1208 4
1209 5
1210 5
1211 4
1212 6
1213 5
1214 8
1215 6
1216 3
1217 7
1218 4
1219 3
1220 3
1221 3
1222 5
1223 6
1224 2
1225 5
1226 5
1227 7
1228 7
1229 3
1230 6
1231 6
1232 3
1233 7
1234 8
1235 6
1236 7
1237 4
1238 2
1239 7
1240 2
1241 3
1242 3
1243 2
1244 3
1245 5
1246 5
1247 5
1248 5
1249 6
1250 3
1252 6
1253 2
1254 5
1255 3
1256 6
1257 5
1258 2
1259 3
1260 8
1261 9
1262 7
1263 4
1264 2
1265 8
1266 6
1267 6
1268 6
1269 3
1270 1
1271 5
1272 8
1273 2
1274 4
1275 3
1276 6
1278 8
1279 6
1280 2
1281 3
1282 5
1283 2
1284 8
1285 2
1287 8
1288 4
1289 2
1290 2
1291 3
1292 2
1293 2
1294 8
1295 7
1296 6
1297 5
1298 3
1299 3
1300 7
1301 5
1302 3
1303 4
1304 5
1305 4
1306 4
1307 2
1308 8
1309 4
1310 5
1311 2
1312 1
1313 4
1314 4
1315 5
1316 6
1317 4
1318 6
1319 3
1320 6
1321 2
1322 3
1323 4
1324 2
1325 4
1326 4
1327 2
1328 2
1329 2
1330 5
1331 5
1332 5
1333 2
1334 5
1335 3
1336 4
1337 4
1338 2
1339 5
1340 5
1341 5
1342 1
1343 6
1344 1
1345 5
1346 9
1347 3
1348 4
1349 4
1350 6
1351 4
1352 1
1353 5
1354 3
1355 3
1356 5
1357 3
1358 4
1359 3
1360 5
1361 2
1362 4
1363 2
1364 2
1365 1
1366 3
1367 2
1368 4
1369 4
1370 4
1371 4
1372 6
1373 1
1374 4
1375 6
1376 5
1377 4
1378 3
1379 4
1380 5
1381 2
1382 6
1383 2
1384 1
1385 2
1386 1
1387 1
1388 7
1389 3
1390 2
1391 2
1392 5
1393 5
1394 3
1395 1
1396 5
1397 1
1398 7
1399 3
1400 1
1401 2
1402 3
1403 8
1404 2
1405 5
1406 3
1407 1
1408 3
1409 2
1410 5
1411 6
1412 2
1413 4
1414 2
1415 5
1416 5
1417 1
1418 6
1419 5
1420 2
1421 2
1422 7
1423 2
1424 6
1426 3
1427 2
1428 2
1429 5
1430 2
1431 4
1432 1
1433 6
1434 5
1435 5
1436 2
1437 3
1439 5
1440 2
1441 3
1442 6
1443 2
1444 5
1445 2
1446 1
1447 4
1448 3
1449 1
1450 3
1451 3
1452 6
1453 5
1454 2
1455 3
1456 3
1457 4
1458 2
1459 2
1460 5
1461 1
1462 2
1463 4
1464 3
1465 5
1466 1
1467 2
1468 3
1469 3
1470 4
1471 1
1472 4
1473 1
1474 2
1475 4
1476 6
1477 2
1478 2
1479 4
1480 3
1481 3
1482 2
1483 3
1484 5
1485 6
1486 3
1487 2
1488 4
1489 5
1490 7
1491 2
1492 3
1493 1
1494 3
1496 3
1497 4
1498 3
1499 4
1500 5
1501 3
1502 3
1503 3
1504 3
1505 5
1506 2
1507 2
1508 1
1509 2
1510 3
1511 4
1512 2
1513 1
1514 5
1515 3
1516 1
1517 4
1518 3
1519 6
1520 3
1521 2
1522 3
1523 4
1524 2
1525 3
1526 3
1527 1
1528 3
1529 4
1530 3
1531 3
1532 3
1533 1
1534 3
1536 5
1537 1
1538 3
1539 5
1540 5
1541 9
1542 3
1543 2
1545 5
1546 3
1547 1
1548 3
1549 2
1550 2
1551 2
1552 4
1553 2
1554 4
1555 1
1556 3
1557 2
1559 1
1560 2
1561 1
1562 4
1564 1
1565 1
1566 2
1567 2
1568 3
1569 4
1570 4
1572 2
1573 5
1574 3
1575 2
1576 2
1577 5
1578 3
1579 2
1580 4
1582 3
1583 3
1584 1
1585 2
1586 4
1587 1
1588 3
1589 8
1590 1
1591 2
1593 4
1594 2
1595 5
1596 1
1597 4
1598 2
1599 1
1600 1
1601 4
1602 1
1603 8
1604 1
1605 2
1607 3
1608 4
1609 4
1610 3
1611 2
1612 1
1613 5
1614 4
1615 6
1616 4
1618 3
1619 3
1620 1
1621 3
1622 3
1623 1
1624 2
1625 4
1626 1
1627 2
1628 1
1629 1
1631 2
1632 3
1633 1
1634 2
1635 4
1636 4
1637 2
1638 3
1639 4
1640 2
1641 2
1642 1
1643 3
1644 2
1645 4
1646 4
1647 2
1648 1
1649 1
1650 2
1651 2
1652 2
1653 1
1654 1
1655 7
1657 5
1658 2
1659 4
1660 2
1662 1
1663 4
1664 2
1665 3
1666 5
1667 1
1668 6
1669 1
1670 2
1671 2
1672 4
1673 4
1674 2
1675 2
1676 4
1677 3
1678 5
1679 2
1680 1
1681 5
1682 2
1683 6
1684 2
1685 2
1686 2
1687 4
1688 1
1689 2
1690 1
1691 3
1692 6
1693 1
1694 6
1695 3
1696 2
1697 4
1698 3
1699 3
1700 2
1701 2
1702 3
1703 1
1704 4
1706 3
1707 3
1708 1
1709 3
1710 1
1711 1
1712 2
1713 5
1714 2
1716 3
1717 6
1718 2
1719 1
1720 4
1721 2
1722 4
1723 1
1724 4
1725 1
1726 2
1727 2
1728 3
1731 4
1733 2
1734 1
1735 1
1736 3
1737 1
1738 4
1739 2
1741 3
1742 1
1743 2
1744 3
1745 2
1746 2
1747 3
1749 3
1750 2
1751 1
1752 1
1753 2
1754 1
1755 2
1756 4
1757 2
1759 3
1760 1
1761 5
1762 3
1763 2
1764 4
1767 2
1768 4
1769 3
1770 1
1771 2
1772 2
1773 4
1774 3
1776 3
1777 2
1778 2
1780 2
1781 3
1782 1
1783 2
1784 1
1785 5
1786 3
1787 2
1789 1
1790 3
1791 3
1792 6
1793 2
1794 1
1795 2
1796 2
1797 3
1798 1
1799 2
1800 2
1801 3
1802 2
1804 3
1805 1
1806 1
1807 2
1809 2
1810 1
1811 4
1812 3
1813 6
1814 1
1816 1
1817 3
1818 4
1819 5
1820 2
1821 2
1822 1
1824 6
1825 2
1826 5
1828 1
1829 2
1830 2
1831 2
1832 1
1833 1
1835 1
1836 1
1837 1
1838 3
1839 2
1840 2
1841 1
1843 1
1844 2
1845 4
1847 1
1848 2
1849 3
1850 2
1851 1
1853 3
1854 2
1855 1
1856 1
1857 2
1858 2
1859 2
1860 2
1861 2
1862 3
1863 2
1864 3
1865 3
1866 1
1868 2
1871 3
1872 2
1873 1
1874 3
1875 1
1876 2
1877 2
1878 3
1879 3
1881 3
1882 2
1883 5
1884 1
1885 3
1886 1
1888 2
1889 2
1891 2
1892 2
1893 2
1894 3
1896 2
1897 2
1898 2
1900 1
1903 2
1904 2
1905 5
1908 3
1911 2
1912 4
1913 1
1916 4
1917 2
1918 1
1919 1
1920 2
1921 3
1922 2
1923 3
1924 1
1925 1
1926 1
1927 2
1928 1
1931 4
1932 2
1933 1
1934 1
1935 1
1936 2
1937 3
1938 3
1939 2
1940 1
1941 2
1942 1
1943 2
1945 3
1946 2
1947 4
1948 1
1952 1
1954 1
1955 2
1956 2
1958 2
1960 1
1961 3
1963 2
1964 1
1965 2
1968 4
1969 1
1970 2
1972 1
1973 3
1974 2
1975 1
1976 1
1977 1
1978 1
1979 2
1981 2
1982 2
1983 2
1984 1
1985 2
1986 1
1987 3
1988 2
1990 1
1991 2
1993 1
1994 1
1995 2
1996 1
1997 2
2000 2
2001 1
2002 3
2003 3
2004 1
2005 4
2006 1
2008 3
2010 3
2011 1
2012 4
2013 1
2015 4
2017 3
2018 1
2019 2
2022 2
2023 1
2024 1
2025 1
2026 4
2027 1
2028 3
2030 1
2032 4
2033 2
2034 1
2035 1
2038 1
2039 4
2040 2
2041 2
2043 2
2044 1
2045 3
2046 2
2049 2
2050 1
2051 2
2053 5
2054 3
2055 2
2057 2
2058 1
2059 2
2061 4
2063 2
2064 1
2065 3
2066 3
2067 1
2068 1
2069 2
2070 1
2071 3
2072 1
2073 2
2074 1
2075 2
2076 2
2077 2
2079 1
2080 4
2082 2
2083 2
2084 2
2085 1
2086 1
2087 2
2088 1
2089 1
2091 2
2092 2
2093 1
2095 1
2096 2
2097 3
2098 2
2100 1
2101 2
2102 3
2103 2
2104 2
2105 3
2106 2
2107 1
2108 2
2109 1
2110 2
2111 2
2112 1
2113 1
2115 1
2116 1
2118 2
2120 1
2121 1
2122 1
2123 1
2124 2
2128 1
2129 1
2132 3
2133 3
2134 1
2135 1
2136 2
2138 2
2139 2
2140 1
2146 1
2147 1
2149 1
2152 1
2153 1
2154 3
2155 1
2157 1
2158 1
2160 1
2162 1
2163 1
2164 1
2166 2
2167 3
2168 4
2169 3
2170 1
2171 2
2173 1
2174 1
2175 1
2176 2
2178 3
2179 1
2180 2
2181 2
2183 1
2184 1
2185 1
2186 1
2187 1
2189 3
2190 2
2192 3
2193 1
2194 1
2195 2
2196 4
2197 1
2198 1
2199 1
2200 2
2203 1
2204 2
2206 5
2207 5
2208 1
2209 2
2210 2
2212 1
2213 1
2214 1
2215 3
2217 2
2221 1
2224 2
2225 2
2226 1
2227 2
2228 1
2229 1
2231 2
2232 1
2233 1
2235 1
2237 1
2238 1
2240 1
2242 1
2243 2
2245 2
2246 2
2248 4
2249 2
2250 1
2252 1
2254 1
2255 1
2256 3
2258 1
2259 2
2262 1
2264 1
2265 1
2266 1
2267 3
2268 4
2269 1
2270 1
2271 2
2272 1
2274 1
2276 1
2277 4
2279 1
2280 1
2281 3
2282 2
2283 1
2284 1
2285 4
2286 2
2287 1
2288 2
2289 1
2290 1
2291 2
2295 2
2296 2
2297 2
2298 1
2299 2
2301 2
2302 1
2303 2
2304 3
2305 2
2306 1
2307 1
2308 1
2309 1
2310 1
2311 1
2313 1
2314 2
2316 1
2317 1
2320 2
2322 4
2323 1
2324 1
2327 3
2328 2
2329 1
2330 1
2331 1
2332 2
2333 3
2334 1
2335 1
2336 2
2337 4
2338 1
2339 1
2340 3
2342 2
2343 1
2344 1
2345 3
2349 1
2350 3
2351 1
2352 1
2353 1
2354 3
2355 1
2356 1
2358 1
2359 1
2360 3
2361 1
2362 1
2363 1
2365 2
2367 2
2369 1
2371 1
2375 1
2376 2
2377 1
2380 3
2382 2
2383 3
2385 2
2387 1
2388 1
2389 1
2390 6
2392 1
2393 1
2394 2
2396 2
2397 1
2398 2
2399 1
2400 1
2401 1
2402 1
2404 1
2405 1
2406 2
2409 2
2410 1
2411 1
2413 2
2414 1
2415 1
2418 1
2420 2
2421 2
2422 1
2424 4
2425 1
2426 1
2428 1
2429 1
2431 2
2432 1
2434 1
2435 1
2437 2
2438 2
2441 2
2442 2
2443 1
2444 1
2445 3
2446 1
2447 1
2448 1
2450 2
2451 2
2452 2
2456 2
2457 3
2459 1
2460 1
2462 1
2464 1
2465 1
2467 1
2468 1
2470 1
2472 1
2473 1
2474 1
2479 2
2483 1
2484 2
2485 2
2487 2
2488 1
2490 2
2491 3
2492 1
2493 1
2494 2
2495 1
2496 1
2497 1
2501 2
2502 2
2504 1
2507 2
2508 1
2509 1
2511 1
2513 1
2516 2
2518 1
2520 2
2521 3
2523 1
2526 2
2530 2
2531 1
2533 1
2534 1
2536 2
2538 1
2539 1
2542 2
2547 1
2549 2
2550 1
2551 1
2553 1
2555 1
2557 1
2558 1
2560 2
2562 1
2563 1
2564 1
2565 2
2566 1
2567 1
2568 4
2569 1
2570 1
2571 1
2573 1
2574 1
2575 1
2578 1
2579 1
2580 1
2581 3
2582 1
2583 1
2584 2
2585 1
2586 1
2587 3
2590 1
2592 1
2593 1
2596 1
2598 4
2599 1
2600 1
2603 1
2605 3
2606 4
2610 1
2611 1
2612 1
2615 3
2616 3
2617 2
2618 1
2620 1
2621 1
2622 2
2625 3
2626 2
2627 1
2629 1
2630 3
2632 2
2635 3
2639 1
2640 2
2641 1
2642 1
2644 1
2645 1
2647 2
2653 2
2654 1
2659 1
2660 3
2661 1
2662 1
2664 2
2666 2
2668 1
2670 2
2674 1
2675 1
2676 3
2678 1
2685 1
2688 3
2691 1
2692 1
2694 2
2697 1
2698 2
2699 2
2701 1
2702 1
2703 1
2709 1
2710 1
2711 1
2712 1
2713 1
2715 3
2716 1
2720 1
2724 3
2726 4
2727 1
2728 1
2730 2
2732 1
2733 1
2734 1
2735 1
2736 1
2740 3
2742 1
2745 2
2747 1
2748 1
2749 1
2750 2
2751 3
2757 1
2759 1
2761 3
2762 1
2763 2
2764 2
2765 1
2766 2
2767 3
2770 1
2771 1
2773 1
2776 1
2779 1
2780 1
2783 1
2785 3
2787 3
2790 1
2792 1
2794 1
2795 2
2797 3
2798 1
2803 1
2804 1
2806 2
2808 1
2811 1
2815 1
2818 1
2819 1
2821 2
2823 1
2824 5
2832 1
2833 1
2837 1
2838 1
2848 2
2851 1
2852 2
2857 1
2860 1
2862 2
2867 1
2870 2
2872 1
2873 1
2874 1
2875 1
2877 3
2878 1
2880 1
2883 1
2887 1
2888 1
2890 1
2893 2
2896 1
2899 2
2900 1
2901 1
2903 2
2904 1
2908 1
2911 1
2916 3
2917 1
2919 1
2920 1
2921 1
2924 1
2926 1
2927 1
2928 2
2932 2
2933 1
2938 1
2939 1
2941 1
2942 1
2943 2
2944 1
2948 1
2952 1
2954 3
2955 1
2958 1
2962 2
2964 1
2967 2
2968 2
2969 1
2970 1
2972 1
2974 1
2977 1
2979 1
2980 1
2991 1
2993 1
2994 1
2995 2
2996 2
2998 2
3002 1
3004 1
3006 3
3010 1
3013 1
3015 1
3017 1
3020 2
3022 2
3025 1
3028 1
3035 1
3039 1
3047 1
3048 2
3049 1
3050 1
3055 1
3057 1
3058 1
3060 1
3061 2
3062 1
3063 2
3064 1
3068 1
3076 2
3078 1
3080 1
3086 1
3087 1
3091 1
3099 1
3100 3
3101 1
3102 2
3103 1
3104 1
3110 1
3111 1
3114 1
3116 1
3118 1
3125 1
3126 1
3127 1
3136 1
3137 2
3138 3
3139 1
3141 1
3147 1
3149 1
3150 1
3151 1
3157 1
3158 1
3159 3
3160 1
3164 1
3165 2
3167 1
3171 1
3172 1
3175 1
3178 1
3179 1
3180 2
3182 1
3183 1
3185 2
3190 1
3191 1
3193 1
3194 2
3199 1
3200 1
3202 1
3204 2
3205 2
3210 1
3212 3
3221 1
3222 2
3223 1
3226 1
3227 1
3229 2
3230 1
3232 1
3236 1
3241 1
3247 1
3248 1
3250 1
3253 1
3254 1
3255 1
3257 4
3259 1
3266 1
3269 1
3271 3
3273 1
3275 1
3280 1
3283 1
3285 1
3291 2
3292 1
3294 1
3297 1
3298 2
3299 1
3304 1
3310 1
3313 1
3315 2
3317 3
3321 1
3325 1
3328 1
3330 1
3331 1
3332 1
3334 1
3335 1
3338 1
3344 1
3345 1
3347 1
3350 1
3356 1
3360 1
3367 1
3377 1
3380 2
3386 1
3391 1
3395 2
3396 1
3397 2
3398 1
3399 1
3400 1
3402 1
3403 1
3404 1
3407 1
3411 1
3416 1
3418 1
3421 1
3422 1
3425 1
3434 1
3436 1
3437 1
3440 1
3443 1
3445 1
3446 1
3447 1
3448 1
3450 1
3451 1
3452 1
3454 1
3455 4
3457 1
3458 1
3459 1
3460 2
3461 1
3466 1
3475 1
3476 2
3480 1
3485 1
3487 1
3499 1
3501 1
3506 1
3508 1
3510 3
3511 1
3513 3
3519 1
3521 1
3530 2
3531 1
3533 1
3534 1
3539 1
3542 2
3546 1
3547 2
3549 1
3550 1
3551 1
3553 1
3556 1
3558 1
3559 1
3560 1
3562 1
3565 1
3567 1
3568 1
3574 1
3576 1
3584 2
3589 2
3595 2
3596 1
3601 1
3605 2
3620 1
3623 1
3626 1
3627 1
3630 2
3632 1
3634 1
3637 1
3638 1
3640 1
3646 1
3660 1
3662 1
3664 1
3674 1
3677 1
3681 1
3689 1
3697 1
3716 1
3717 1
3720 1
3721 1
3722 2
3724 1
3727 1
3730 1
3731 2
3734 1
3736 1
3743 1
3748 1
3753 1
3755 2
3761 1
3763 1
3768 1
3780 1
3781 1
3782 1
3783 1
3785 1
3790 1
3795 1
3800 1
3805 1
3810 1
3812 1
3817 1
3819 2
3829 1
3830 1
3832 1
3833 1
3834 1
3837 1
3844 1
3845 1
3846 3
3849 2
3851 1
3862 1
3865 1
3868 1
3870 1
3871 1
3872 2
3877 1
3892 1
3896 2
3898 1
3899 1
3900 2
3904 1
3906 1
3916 2
3928 1
3931 1
3932 1
3936 1
3943 1
3945 1
3947 1
3951 1
3952 1
3956 1
3958 1
3959 1
3970 1
3979 3
3981 2
3984 1
3988 1
3994 1
4000 1
4006 1
4008 1
4014 2
4018 3
4022 1
4027 1
4029 1
4033 1
4034 1
4041 1
4043 1
4044 1
4046 1
4051 1
4053 1
4058 1
4059 1
4062 1
4064 1
4067 1
4071 2
4086 1
4087 1
4088 1
4093 1
4101 1
4104 1
4110 1
4113 1
4119 1
4122 1
4125 1
4126 1
4130 2
4131 1
4139 1
4142 1
4144 1
4146 1
4149 1
4151 1
4154 1
4155 1
4159 1
4166 1
4167 1
4168 1
4174 1
4175 2
4177 1
4178 1
4179 1
4181 1
4200 1
4207 1
4208 1
4213 1
4225 1
4230 1
4234 1
4237 1
4238 1
4239 1
4241 1
4244 1
4245 1
4252 1
4254 1
4255 1
4257 2
4258 1
4261 1
4262 1
4264 1
4272 1
4275 2
4279 1
4281 3
4283 1
4307 1
4313 1
4316 1
4332 1
4334 1
4339 1
4340 1
4342 1
4343 1
4344 1
4346 1
4349 1
4353 1
4366 1
4369 1
4371 1
4377 1
4384 1
4391 1
4397 1
4398 1
4401 1
4410 1
4426 1
4430 1
4439 1
4445 1
4449 1
4459 1
4468 1
4469 2
4477 1
4483 1
4498 1
4499 1
4501 1
4503 1
4514 1
4518 1
4529 1
4533 1
4534 2
4548 1
4554 1
4561 1
4566 1
4572 1
4583 1
4592 1
4593 1
4594 1
4600 1
4606 1
4607 1
4623 3
4635 1
4638 1
4640 1
4641 1
4643 2
4650 1
4652 1
4667 2
4674 1
4675 1
4677 1
4681 1
4682 1
4684 1
4695 1
4698 1
4704 1
4707 1
4716 1
4718 1
4728 1
4731 1
4736 1
4759 1
4762 1
4775 1
4777 1
4780 1
4783 1
4793 1
4794 2
4796 1
4798 1
4802 1
4804 1
4843 1
4850 1
4852 1
4853 1
4854 1
4856 1
4857 1
4862 1
4865 1
4868 1
4877 1
4880 1
4886 1
4889 1
4890 1
4903 1
4908 1
4914 1
4917 2
4931 2
4937 1
4943 1
4961 1
4969 1
4973 1
4978 1
4994 1
5006 1
5007 1
5013 1
5017 1
5019 1
5020 1
5022 1
5036 1
5045 1
5049 1
5057 1
5058 1
5059 1
5060 1
5067 1
5075 1
5082 1
5088 2
5089 1
5102 1
5106 1
5107 1
5111 1
5114 1
5127 1
5137 1
5139 1
5148 1
5155 1
5159 1
5196 1
5204 2
5210 1
5213 1
5233 1
5237 1
5249 1
5250 1
5260 1
5276 1
5280 1
5289 1
5308 1
5311 1
5316 1
5319 1
5335 1
5338 1
5345 1
5349 1
5356 1
5358 1
5362 1
5373 1
5383 1
5391 1
5393 1
5405 1
5412 1
5421 1
5448 1
5453 1
5458 1
5464 1
5470 1
5490 2
5499 1
5503 1
5505 1
5506 1
5508 1
5515 1
5520 1
5526 1
5529 1
5539 1
5541 1
5543 1
5557 1
5558 1
5560 1
5563 1
5600 1
5601 1
5607 1
5623 1
5663 1
5674 1
5686 1
5699 1
5702 1
5719 1
5738 1
5742 1
5755 1
5762 1
5778 1
5787 1
5791 1
5821 1
5823 1
5828 1
5829 1
5834 1
5854 1
5886 1
5894 1
5897 1
5918 1
5937 1
5955 1
5961 1
5964 1
5976 1
5993 2
6000 1
6013 1
6035 1
6037 1
6047 1
6097 1
6113 1
6129 1
6143 2
6147 1
6158 1
6172 1
6194 1
6202 1
6223 1
6231 1
6241 1
6250 1
6252 1
6254 1
6260 1
6263 1
6268 1
6273 1
6289 1
6315 1
6322 1
6330 1
6332 1
6341 1
6344 1
6347 1
6355 1
6356 1
6361 1
6375 1
6378 1
6392 1
6394 1
6409 1
6416 1
6419 1
6428 1
6437 1
6453 1
6467 1
6473 1
6485 1
6490 1
6509 1
6529 1
6537 1
6548 1
6575 1
6607 1
6608 1
6610 1
6685 1
6687 1
6727 1
6749 1
6769 1
6773 1
6776 1
6810 1
6816 1
6872 1
6874 1
6894 1
6902 1
6916 1
6921 1
6924 1
6941 1
6949 1
6981 1
6991 1
7010 1
7022 1
7110 2
7140 1
7151 1
7178 1
7217 1
7225 1
7229 1
7251 1
7262 1
7267 1
7289 1
7345 1
7368 1
7377 1
7381 1
7417 1
7433 1
7439 1
7445 1
7505 1
7507 1
7510 1
7582 1
7599 1
7616 1
7644 1
7679 1
7762 1
7772 1
7808 1
7815 1
7834 1
7880 1
7897 1
7915 1
7953 1
7958 1
7980 1
8007 1
8013 1
8024 1
8040 1
8049 1
8072 1
8082 1
8095 1
8111 1
8177 1
8180 1
8181 1
8182 1
8259 1
8275 1
8331 1
8353 1
8431 1
8454 1
8573 1
8586 1
8587 1
8601 1
8608 1
8647 1
8661 1
8671 1
8672 1
8675 1
8718 1
8735 1
8756 1
8823 1
8826 2
8875 1
8892 1
8989 1
8994 1
9007 1
9009 1
9042 1
9062 1
9092 1
9104 1
9105 1
9125 1
9161 1
9245 1
9300 1
9319 1
9352 1
9361 1
9439 1
9483 1
9512 1
9529 1
9542 1
9561 1
9608 1
9637 1
9642 1
9646 1
9657 1
9686 1
9716 1
9730 1
9788 1
9816 1
9971 1
9993 1
10097 1
10131 1
10183 1
10258 1
10284 1
10352 1
10353 1
10398 1
10400 1
10470 1
10479 1
10524 1
10552 1
10558 1
10564 1
10736 1
10792 1
10850 1
10871 1
10981 1
10990 1
11014 1
11059 1
11128 1
11205 1
11246 1
11527 1
11532 1
11685 1
11693 1
11726 1
11951 1
12004 1
12089 1
12278 1
12441 1
12453 1
12581 1
12678 1
12716 1
12789 1
12839 1
12870 1
12905 1
12939 1
12945 1
13063 1
13190 1
13238 1
13347 1
13404 1
13554 1
13666 1
13888 1
14142 1
14188 1
14312 1
14485 1
14545 1
14789 1
14833 1
14857 1
14921 1
15097 1
15228 1
15285 1
15495 1
15539 1
15609 1
15771 1
15996 1
16046 1
16202 1
16521 1
16618 1
17019 1
17023 1
17491 1
18763 1
18881 1
21704 1
24460 1
27785 1
31850 1
39031 1
42501 1
