1 90153
2 47552
3 29328
4 17769
5 11432
6 7307
7 4480
8 3093
9 2128
10 1671
11 1188
12 919
13 640
14 589
15 471
16 349
17 317
18 260
19 267
20 176
21 168
22 111
23 115
24 102
25 79
26 74
27 72
28 52
29 60
30 51
31 46
32 40
33 32
34 29
35 37
36 23
37 27
38 20
39 35
40 28
41 17
42 31
43 17
44 20
45 13
46 17
47 12
48 8
49 12
50 13
51 12
52 14
53 10
54 10
55 10
56 8
57 6
58 8
59 12
60 9
61 4
62 6
63 5
64 8
65 7
66 6
67 6
68 2
69 1
70 1
71 5
72 9
73 2
74 6
75 1
76 1
77 2
78 8
79 5
80 1
81 3
82 3
83 3
84 4
85 4
86 3
87 2
88 1
89 1
90 5
91 3
92 3
93 3
94 2
95 3
96 4
97 3
99 5
100 1
101 2
102 2
103 1
104 2
105 2
106 3
107 2
108 2
110 1
111 2
112 3
114 1
115 4
116 1
118 2
119 1
120 2
121 1
122 1
123 1
124 3
125 1
126 1
127 3
128 1
129 2
130 1
131 1
132 1
133 1
134 1
135 3
136 2
137 1
138 1
139 1
141 1
143 1
144 1
145 4
146 2
147 1
149 1
150 1
156 2
157 1
158 2
159 1
160 2
162 2
166 1
167 1
168 3
169 1
170 1
172 1
173 1
175 1
177 1
178 3
180 1
187 1
189 1
191 3
193 1
194 1
199 1
203 1
204 1
208 1
211 2
214 1
216 1
217 1
219 2
223 1
225 1
226 1
228 2
230 2
235 1
236 1
249 1
255 1
256 2
258 1
276 1
288 1
291 1
292 1
297 1
298 1
300 1
301 1
303 1
322 1
330 1
338 1
341 1
343 2
344 1
350 1
360 1
363 1
367 1
384 1
397 1
404 3
409 1
415 1
424 1
430 1
434 1
438 1
439 2
465 1
466 1
473 1
482 1
500 1
503 1
566 1
600 1
668 1
717 1
720 1
724 1
779 1
782 1
787 1
864 1
896 1
947 2
1003 1
1018 1
1067 1
1784 2
2189 1
2425 1
4151 1
7830 1
8122 2
8127 1
9960 5
