1 1564008
2 477536
3 218682
4 124885
5 79801
6 55208
7 40757
8 31034
9 24136
10 19820
11 16374
12 13541
13 11810
14 10012
15 8727
16 7626
17 6819
18 5910
19 5258
20 4881
21 4353
22 4053
23 3639
24 3356
25 3097
26 2840
27 2700
28 2451
29 2238
30 2100
31 2007
32 1831
33 1735
34 1678
35 1554
36 1508
37 1405
38 1312
39 1296
40 1157
41 1147
42 1033
43 954
44 989
45 952
46 903
47 823
48 830
49 733
50 766
51 746
52 671
53 624
54 595
55 607
56 604
57 552
58 532
59 537
60 510
61 464
62 480
63 472
64 425
65 415
66 399
67 403
68 398
69 373
70 366
71 355
72 349
73 366
74 309
75 287
76 332
77 285
78 281
79 279
80 286
81 296
82 267
83 245
84 241
85 231
86 218
87 228
88 233
89 200
90 209
91 216
92 196
93 201
94 194
95 191
96 198
97 198
98 155
99 200
100 186
101 155
102 174
103 149
104 162
105 137
106 140
107 160
108 148
109 136
110 165
111 113
112 129
113 147
114 121
115 112
116 129
117 116
118 123
119 128
120 121
121 136
122 112
123 119
124 119
125 103
126 109
127 89
128 99
129 85
130 101
131 99
132 84
133 85
134 99
135 83
136 79
137 73
138 97
139 101
140 92
141 79
142 83
143 62
144 72
145 75
146 77
147 77
148 75
149 77
150 68
151 66
152 52
153 71
154 68
155 70
156 61
157 58
158 59
159 46
160 60
161 60
162 71
163 56
164 65
165 66
166 67
167 55
168 58
169 64
170 61
171 67
172 53
173 43
174 50
175 50
176 47
177 38
178 37
179 48
180 51
181 44
182 42
183 54
184 51
185 44
186 34
187 51
188 30
189 42
190 45
191 40
192 35
193 40
194 40
195 44
196 46
197 42
198 36
199 38
200 35
201 42
202 52
203 40
204 49
205 40
206 35
207 21
208 32
209 33
210 46
211 32
212 25
213 34
214 30
215 29
216 34
217 19
218 28
219 32
220 29
221 26
222 31
223 27
224 32
225 42
226 31
227 36
228 26
229 27
230 27
231 32
232 26
233 32
234 23
235 24
236 33
237 28
238 26
239 21
240 24
241 18
242 22
243 22
244 32
245 28
246 22
247 27
248 20
249 24
250 9
251 19
252 21
253 29
254 14
255 14
256 16
257 23
258 22
259 18
260 19
261 26
262 16
263 16
264 29
265 19
266 20
267 18
268 24
269 16
270 23
271 18
272 14
273 14
274 18
275 19
276 14
277 18
278 23
279 21
280 22
281 25
282 15
283 17
284 23
285 18
286 21
287 17
288 15
289 16
290 13
291 18
292 15
293 23
294 19
295 17
296 19
297 17
298 16
299 15
300 13
301 19
302 9
303 17
304 11
305 14
306 8
307 14
308 15
309 18
310 11
311 13
312 16
313 19
314 14
315 10
316 13
317 9
318 6
319 18
320 13
321 8
322 17
323 20
324 15
325 15
326 14
327 8
328 16
329 11
330 16
331 12
332 18
333 11
334 14
335 8
336 12
337 14
338 9
339 12
340 11
341 14
342 7
343 13
344 19
345 18
346 11
347 12
348 14
349 12
350 11
351 14
352 11
353 9
354 11
355 8
356 12
357 6
358 11
359 13
360 11
361 12
362 9
363 12
364 11
365 13
366 12
367 12
368 11
369 4
370 9
371 10
372 8
373 10
374 9
375 4
376 7
377 6
378 10
379 2
380 7
381 6
382 11
383 6
384 4
385 2
386 14
387 10
388 8
389 9
390 14
391 11
392 9
393 5
394 9
395 6
396 11
397 8
398 9
399 6
400 10
401 8
402 11
403 10
404 10
405 8
406 5
407 14
408 7
409 9
410 8
411 14
412 6
413 6
414 14
415 10
416 8
417 9
418 7
419 5
420 8
421 9
422 11
423 8
424 15
425 5
426 12
427 5
428 5
429 5
430 8
431 5
432 4
433 6
434 4
435 5
436 4
437 7
438 3
439 4
440 6
441 7
442 6
443 6
444 5
445 6
446 6
447 8
448 7
449 10
450 11
451 6
452 5
453 3
454 8
455 5
456 9
457 8
458 11
459 9
460 4
461 4
462 12
463 6
464 3
465 6
466 6
467 5
468 8
469 4
470 5
471 4
472 5
473 4
474 10
475 7
476 6
477 4
478 5
479 6
480 4
481 2
482 8
483 8
484 3
485 9
486 5
487 9
488 5
489 3
490 10
491 2
492 4
493 4
494 4
495 6
496 6
497 4
498 6
499 2
500 4
501 6
502 2
503 3
504 6
505 12
506 4
507 5
508 6
509 4
510 3
511 3
512 5
513 5
514 6
515 4
516 5
517 4
518 3
519 2
520 8
521 8
522 3
523 5
524 3
525 4
526 6
527 6
528 3
529 4
530 2
531 3
532 5
533 3
534 7
535 10
536 2
537 5
538 3
539 3
540 4
541 6
542 1
543 2
544 6
545 5
546 4
547 4
548 8
549 2
550 6
551 4
552 2
553 3
554 3
555 5
556 2
557 3
558 4
559 6
560 3
561 4
562 5
563 3
564 6
565 3
566 3
567 2
568 4
569 3
570 3
571 2
572 1
573 2
574 3
575 2
576 5
577 3
578 4
579 2
580 3
581 5
582 6
583 3
584 4
585 1
586 7
587 3
589 2
590 4
591 3
592 4
593 3
594 4
595 4
596 4
597 4
598 1
599 2
600 3
602 5
603 4
604 3
606 4
607 5
608 7
609 2
610 3
611 2
612 3
613 4
614 1
615 3
616 3
617 4
618 2
619 5
620 4
621 3
622 1
623 4
624 3
625 3
626 7
627 6
629 2
630 3
631 4
632 3
633 2
634 2
635 3
636 2
637 1
638 1
639 2
641 4
643 2
644 2
645 2
646 1
647 4
648 3
649 1
650 1
651 1
652 2
653 4
654 2
656 3
657 1
659 3
660 1
661 2
662 6
663 1
664 2
665 6
666 1
667 4
668 3
669 2
670 1
671 2
672 2
673 1
674 4
675 1
676 2
678 2
679 2
680 4
681 1
682 7
684 2
685 1
686 3
687 2
688 1
689 3
691 9
692 3
694 3
695 2
697 1
698 1
699 2
701 2
702 2
703 2
704 3
705 2
706 2
707 3
709 1
710 2
711 3
713 1
714 1
715 3
716 2
718 1
719 3
720 2
721 2
722 1
724 4
726 1
727 3
728 1
729 1
730 2
731 2
732 3
733 4
734 2
735 3
736 3
737 2
739 2
740 3
741 1
742 1
743 1
744 1
745 3
746 1
747 2
748 1
749 2
751 1
752 2
753 3
754 2
755 2
756 3
757 2
758 3
759 1
760 1
761 3
762 1
763 1
764 1
765 2
767 1
768 4
769 2
770 1
772 1
773 3
774 1
776 1
779 1
780 2
782 3
783 3
784 4
785 2
786 1
787 3
788 2
789 2
790 2
791 1
794 1
796 2
797 1
798 1
799 2
800 1
801 2
802 2
803 2
804 1
805 2
806 4
807 3
808 2
809 1
810 1
811 2
812 3
813 2
814 2
815 2
816 2
817 3
818 4
819 1
820 1
821 2
822 2
823 2
827 2
828 2
832 1
833 1
834 1
836 1
837 3
839 1
840 1
841 2
842 1
845 4
846 2
847 1
848 2
849 1
851 2
852 1
855 1
856 4
857 3
858 2
859 3
860 1
861 2
862 1
863 1
864 3
865 1
866 3
868 1
870 3
873 2
874 3
876 2
877 1
879 1
880 2
882 2
883 2
884 2
887 1
888 1
889 2
890 1
891 2
892 1
893 1
894 2
896 2
898 3
899 3
901 1
903 1
904 1
905 4
906 1
907 2
910 4
911 2
912 1
914 1
915 1
918 1
919 1
921 1
922 1
924 1
928 2
930 1
932 2
933 2
934 1
935 2
936 2
937 1
939 2
940 2
941 2
942 2
944 2
945 1
947 3
950 3
951 1
953 1
954 2
955 1
956 2
957 1
958 2
959 2
960 1
962 1
963 1
965 1
966 2
967 2
968 2
971 1
973 2
974 1
975 2
977 2
979 1
980 1
981 2
982 1
985 1
986 2
987 1
990 3
991 4
993 1
994 2
995 3
996 3
997 1
998 1
999 1
1002 1
1003 2
1004 1
1005 1
1007 2
1008 1
1010 1
1012 2
1013 1
1014 2
1016 2
1018 3
1019 1
1020 1
1023 1
1024 1
1025 1
1027 1
1028 1
1029 3
1030 1
1031 1
1033 1
1035 1
1037 1
1039 2
1042 1
1043 4
1044 2
1046 1
1047 3
1048 1
1050 1
1051 2
1052 2
1053 1
1054 1
1056 2
1057 1
1058 1
1060 1
1062 1
1063 1
1066 2
1067 1
1069 1
1071 3
1073 1
1074 1
1077 3
1079 1
1080 1
1081 3
1083 2
1087 3
1088 2
1089 1
1090 1
1091 1
1092 1
1095 2
1096 2
1097 1
1098 1
1099 1
1101 1
1102 4
1105 2
1109 1
1111 1
1112 1
1113 1
1114 1
1117 1
1120 1
1121 2
1122 1
1124 1
1125 1
1128 2
1129 2
1130 1
1131 1
1134 1
1136 3
1137 1
1141 1
1142 1
1143 1
1144 1
1145 3
1147 1
1148 1
1149 1
1153 1
1155 1
1158 1
1161 1
1164 1
1167 2
1171 1
1172 1
1174 1
1175 1
1176 2
1177 1
1178 1
1179 1
1183 1
1184 1
1185 1
1186 1
1191 1
1193 1
1195 1
1198 1
1201 1
1205 1
1206 2
1208 1
1210 1
1211 1
1212 1
1214 3
1215 1
1216 1
1219 2
1223 1
1225 1
1228 3
1230 1
1231 1
1232 1
1235 1
1238 1
1240 1
1241 2
1242 2
1244 1
1245 2
1247 2
1254 2
1260 1
1262 1
1263 1
1264 1
1267 2
1269 3
1274 1
1280 1
1282 1
1283 1
1284 1
1286 2
1289 3
1291 1
1294 1
1300 2
1305 1
1307 1
1309 2
1314 1
1316 2
1317 1
1323 2
1325 1
1326 1
1338 1
1341 1
1348 1
1350 1
1351 1
1354 1
1356 1
1357 1
1360 1
1361 1
1366 1
1368 1
1369 1
1372 1
1373 2
1374 2
1376 1
1377 2
1379 1
1381 1
1382 1
1386 1
1388 1
1390 1
1391 1
1395 1
1404 1
1405 1
1406 1
1408 1
1410 1
1411 1
1413 1
1417 1
1423 2
1424 1
1426 1
1428 1
1429 1
1432 1
1435 1
1436 1
1437 1
1439 1
1440 1
1441 1
1443 1
1450 3
1451 1
1454 2
1463 1
1465 1
1467 1
1469 1
1473 1
1476 1
1477 1
1478 1
1480 1
1483 2
1486 1
1487 2
1490 2
1492 1
1493 1
1494 1
1495 1
1502 1
1503 1
1505 1
1507 1
1509 1
1511 1
1514 1
1516 1
1521 1
1534 1
1536 1
1540 1
1548 1
1553 1
1560 2
1561 1
1565 1
1571 1
1574 1
1575 1
1578 1
1579 1
1589 1
1590 1
1592 2
1597 1
1600 1
1602 1
1603 1
1604 1
1606 2
1609 1
1613 1
1615 1
1618 1
1625 1
1626 1
1629 1
1631 1
1632 2
1646 1
1656 1
1661 1
1662 2
1664 1
1672 2
1673 1
1674 1
1676 1
1677 1
1678 1
1687 1
1691 2
1693 1
1696 1
1699 2
1700 1
1703 1
1707 1
1708 1
1713 1
1715 1
1725 1
1731 1
1732 1
1736 1
1739 3
1743 2
1745 1
1754 1
1764 1
1771 1
1774 1
1776 1
1780 1
1781 1
1783 2
1789 1
1816 1
1817 2
1822 1
1823 1
1827 1
1831 1
1835 1
1838 1
1840 1
1846 1
1852 1
1854 1
1856 1
1858 1
1862 1
1863 1
1870 1
1876 1
1878 1
1882 1
1893 1
1895 1
1905 1
1912 1
1917 1
1921 1
1924 1
1928 1
1944 1
1947 1
1957 1
1958 1
1962 1
1965 1
1973 1
1981 1
1983 1
1991 1
1995 1
2003 1
2006 1
2008 1
2012 1
2013 1
2034 1
2036 1
2038 1
2054 1
2059 2
2065 1
2071 1
2078 1
2079 1
2082 1
2086 1
2088 1
2093 2
2094 1
2113 1
2114 1
2118 1
2132 1
2136 1
2137 1
2148 1
2154 1
2163 2
2182 1
2192 2
2200 1
2225 1
2231 1
2233 1
2248 1
2251 1
2258 1
2259 1
2279 1
2280 1
2287 1
2288 1
2291 1
2299 1
2301 1
2345 1
2350 1
2353 1
2354 1
2363 1
2364 1
2378 1
2386 1
2405 1
2441 1
2453 2
2471 1
2490 1
2496 1
2500 1
2510 1
2523 1
2552 1
2558 1
2568 1
2571 1
2586 2
2621 1
2649 1
2650 1
2658 1
2659 1
2675 1
2679 1
2685 1
2695 1
2704 1
2722 1
2729 1
2739 1
2747 2
2748 1
2750 1
2753 1
2762 1
2783 1
2805 1
2839 1
2846 1
2861 1
2882 1
2891 2
2909 1
2962 1
2998 1
3048 1
3055 1
3068 1
3069 1
3070 1
3082 1
3083 1
3094 1
3102 1
3103 1
3112 1
3213 1
3236 1
3246 1
3248 2
3251 1
3261 1
3300 1
3303 1
3333 1
3343 1
3348 1
3356 1
3372 1
3381 1
3384 1
3394 1
3407 1
3449 1
3458 1
3459 1
3528 1
3555 1
3562 1
3567 1
3570 1
3600 1
3605 1
3636 1
3653 1
3660 1
3665 1
3677 1
3716 1
3722 1
3726 1
3778 1
3800 1
3820 1
3823 1
3827 1
3829 1
3833 1
3871 1
3874 1
3887 1
3897 1
3899 1
3910 1
3929 1
3931 1
3946 1
3993 1
4083 1
4085 2
4168 1
4175 1
4213 1
4216 1
4221 1
4232 1
4249 1
4346 1
4521 1
4525 1
4562 1
4579 1
4626 1
4691 1
4733 1
4738 1
4789 1
4814 1
4846 1
4974 1
5020 1
5123 1
5210 1
5254 1
5283 1
5289 1
5329 1
5479 1
5643 1
5657 1
5987 1
6111 1
6160 1
6200 1
6318 1
6329 1
6439 1
6468 1
6671 1
6700 1
6733 1
6807 1
6823 1
7101 1
7151 1
7191 1
7451 1
7501 1
7611 1
7710 1
7824 1
7937 1
8031 1
8125 1
8413 1
8720 1
9063 1
9091 1
9285 1
9417 1
9653 1
10044 1
10253 1
13474 1
13527 1
13857 1
14329 1
14453 1
14753 1
14829 1
14859 1
16208 1
16607 1
17474 1
17568 1
17678 1
17710 1
18967 1
19353 1
20747 1
21567 1
22636 1
22910 1
24671 1
26141 1
28406 1
34147 1
35663 1
