1 837749
2 514449
3 360839
4 274606
5 219317
6 180360
7 151325
8 129968
9 112895
10 100097
11 88599
12 79249
13 71234
14 65210
15 59515
16 54153
17 50367
18 46465
19 42958
20 39903
21 37659
22 35484
23 33263
24 31082
25 29466
26 27930
27 26259
28 24674
29 23540
30 22324
31 21440
32 20379
33 19525
34 18638
35 17915
36 17091
37 16445
38 15861
39 15025
40 14561
41 13917
42 13489
43 12937
44 12699
45 11828
46 11721
47 11248
48 10873
49 10737
50 10299
51 9896
52 9643
53 9382
54 9108
55 8758
56 8713
57 8284
58 8101
59 7901
60 7539
61 7504
62 7372
63 7026
64 6805
65 6733
66 6532
67 6304
68 6153
69 6060
70 5930
71 5910
72 5538
73 5672
74 5372
75 5255
76 5126
77 5087
78 4994
79 4701
80 4729
81 4643
82 4500
83 4406
84 4364
85 4245
86 4209
87 3932
88 3926
89 3978
90 3787
91 3789
92 3772
93 3657
94 3477
95 3454
96 3352
97 3326
98 3293
99 3270
100 3319
101 3127
102 3083
103 3011
104 2966
105 2979
106 2951
107 2860
108 2766
109 2740
110 2690
111 2681
112 2591
113 2608
114 2570
115 2530
116 2517
117 2424
118 2445
119 2388
120 2318
121 2325
122 2320
123 2175
124 2234
125 2102
126 2163
127 2149
128 1982
129 2041
130 2096
131 2007
132 1971
133 1928
134 1881
135 1868
136 1856
137 1831
138 1847
139 1732
140 1739
141 1702
142 1630
143 1695
144 1774
145 1646
146 1609
147 1633
148 1612
149 1580
150 1548
151 1483
152 1583
153 1536
154 1519
155 1495
156 1389
157 1474
158 1385
159 1356
160 1331
161 1388
162 1327
163 1231
164 1286
165 1237
166 1316
167 1318
168 1248
169 1211
170 1148
171 1203
172 1192
173 1180
174 1153
175 1183
176 1158
177 1141
178 1114
179 1163
180 1105
181 1004
182 1067
183 1054
184 1037
185 1071
186 1077
187 1025
188 1033
189 991
190 955
191 958
192 940
193 954
194 959
195 957
196 951
197 944
198 911
199 940
200 900
201 895
202 937
203 901
204 915
205 830
206 867
207 832
208 848
209 859
210 822
211 847
212 816
213 802
214 775
215 744
216 817
217 770
218 740
219 794
220 707
221 776
222 758
223 731
224 706
225 714
226 728
227 771
228 754
229 709
230 646
231 654
232 700
233 649
234 652
235 701
236 606
237 677
238 668
239 647
240 642
241 626
242 617
243 686
244 644
245 624
246 641
247 621
248 577
249 583
250 605
251 600
252 604
253 569
254 557
255 517
256 499
257 516
258 594
259 573
260 569
261 556
262 551
263 549
264 498
265 487
266 501
267 503
268 494
269 511
270 525
271 473
272 503
273 494
274 531
275 502
276 449
277 475
278 487
279 445
280 429
281 431
282 468
283 478
284 457
285 454
286 433
287 439
288 445
289 402
290 413
291 432
292 436
293 420
294 429
295 422
296 431
297 382
298 384
299 397
300 409
301 383
302 400
303 422
304 428
305 401
306 404
307 393
308 383
309 436
310 347
311 364
312 384
313 382
314 380
315 371
316 362
317 387
318 363
319 355
320 374
321 344
322 374
323 362
324 363
325 341
326 319
327 341
328 325
329 321
330 301
331 326
332 311
333 322
334 315
335 316
336 317
337 345
338 308
339 280
340 353
341 297
342 306
343 314
344 308
345 300
346 332
347 346
348 335
349 299
350 304
351 273
352 252
353 287
354 272
355 274
356 308
357 303
358 304
359 298
360 275
361 277
362 264
363 272
364 255
365 283
366 254
367 270
368 250
369 274
370 273
371 250
372 256
373 268
374 249
375 273
376 239
377 261
378 267
379 251
380 257
381 260
382 251
383 269
384 271
385 234
386 252
387 264
388 237
389 256
390 219
391 261
392 228
393 221
394 236
395 245
396 234
397 224
398 214
399 221
400 187
401 234
402 222
403 225
404 236
405 219
406 235
407 214
408 245
409 218
410 215
411 214
412 221
413 198
414 241
415 184
416 188
417 207
418 226
419 212
420 180
421 192
422 213
423 174
424 212
425 210
426 194
427 182
428 202
429 216
430 210
431 201
432 206
433 195
434 208
435 176
436 165
437 183
438 181
439 175
440 198
441 201
442 170
443 208
444 192
445 169
446 165
447 174
448 178
449 175
450 170
451 168
452 172
453 168
454 187
455 160
456 181
457 194
458 178
459 176
460 171
461 166
462 187
463 155
464 154
465 169
466 169
467 163
468 180
469 165
470 177
471 177
472 168
473 171
474 164
475 150
476 154
477 138
478 179
479 167
480 164
481 167
482 142
483 130
484 159
485 153
486 140
487 131
488 150
489 157
490 160
491 156
492 153
493 132
494 156
495 151
496 145
497 125
498 150
499 159
500 155
501 143
502 137
503 156
504 133
505 139
506 156
507 159
508 156
509 146
510 161
511 118
512 133
513 146
514 129
515 122
516 135
517 149
518 123
519 154
520 114
521 133
522 144
523 153
524 124
525 123
526 123
527 124
528 118
529 104
530 133
531 123
532 122
533 138
534 107
535 124
536 108
537 121
538 100
539 131
540 111
541 102
542 129
543 121
544 111
545 105
546 108
547 128
548 100
549 141
550 122
551 143
552 112
553 124
554 104
555 119
556 116
557 120
558 111
559 97
560 105
561 96
562 116
563 122
564 115
565 110
566 85
567 108
568 114
569 106
570 119
571 113
572 108
573 99
574 98
575 101
576 110
577 98
578 92
579 93
580 101
581 101
582 120
583 113
584 102
585 102
586 100
587 101
588 97
589 95
590 83
591 95
592 105
593 108
594 104
595 103
596 100
597 108
598 94
599 117
600 92
601 99
602 93
603 80
604 98
605 109
606 109
607 84
608 86
609 91
610 88
611 106
612 83
613 80
614 104
615 80
616 85
617 87
618 87
619 89
620 95
621 81
622 103
623 96
624 82
625 86
626 67
627 87
628 80
629 82
630 80
631 84
632 96
633 88
634 80
635 80
636 67
637 70
638 92
639 83
640 87
641 95
642 76
643 79
644 79
645 85
646 83
647 67
648 61
649 88
650 71
651 88
652 65
653 85
654 68
655 83
656 86
657 87
658 59
659 74
660 72
661 67
662 94
663 65
664 68
665 66
666 80
667 56
668 73
669 65
670 81
671 77
672 78
673 71
674 84
675 96
676 88
677 87
678 59
679 81
680 74
681 66
682 70
683 74
684 57
685 70
686 67
687 71
688 75
689 66
690 70
691 57
692 64
693 77
694 78
695 65
696 61
697 66
698 77
699 61
700 76
701 58
702 62
703 60
704 58
705 59
706 79
707 84
708 66
709 81
710 61
711 51
712 58
713 68
714 51
715 76
716 56
717 68
718 76
719 61
720 56
721 50
722 71
723 69
724 72
725 72
726 71
727 61
728 66
729 76
730 47
731 70
732 57
733 67
734 65
735 66
736 67
737 64
738 52
739 58
740 66
741 55
742 62
743 52
744 64
745 53
746 65
747 57
748 52
749 58
750 53
751 53
752 66
753 59
754 48
755 52
756 49
757 57
758 46
759 48
760 49
761 60
762 52
763 53
764 57
765 45
766 37
767 56
768 59
769 51
770 47
771 56
772 54
773 60
774 47
775 42
776 62
777 63
778 52
779 50
780 45
781 43
782 65
783 61
784 72
785 53
786 53
787 50
788 56
789 51
790 50
791 49
792 52
793 40
794 56
795 49
796 50
797 48
798 46
799 45
800 45
801 44
802 48
803 56
804 48
805 41
806 62
807 62
808 50
809 43
810 44
811 38
812 50
813 57
814 42
815 41
816 55
817 67
818 51
819 55
820 44
821 40
822 43
823 50
824 43
825 44
826 54
827 40
828 52
829 44
830 55
831 55
832 49
833 43
834 50
835 46
836 51
837 43
838 23
839 50
840 38
841 33
842 43
843 44
844 43
845 44
846 35
847 39
848 31
849 41
850 41
851 36
852 49
853 53
854 53
855 46
856 53
857 32
858 46
859 49
860 31
861 44
862 41
863 39
864 42
865 50
866 37
867 39
868 44
869 46
870 32
871 37
872 44
873 44
874 33
875 40
876 28
877 43
878 46
879 35
880 41
881 39
882 32
883 38
884 33
885 55
886 33
887 40
888 53
889 26
890 43
891 39
892 43
893 38
894 36
895 51
896 37
897 41
898 45
899 48
900 28
901 38
902 26
903 44
904 42
905 30
906 33
907 31
908 40
909 36
910 34
911 51
912 34
913 34
914 31
915 30
916 38
917 35
918 44
919 34
920 41
921 36
922 37
923 35
924 34
925 34
926 40
927 41
928 31
929 33
930 28
931 37
932 33
933 37
934 30
935 36
936 42
937 29
938 37
939 48
940 37
941 31
942 38
943 40
944 29
945 32
946 34
947 41
948 28
949 46
950 36
951 35
952 25
953 36
954 41
955 50
956 33
957 28
958 28
959 37
960 37
961 33
962 27
963 32
964 31
965 26
966 26
967 27
968 33
969 38
970 30
971 40
972 25
973 40
974 33
975 28
976 38
977 42
978 31
979 36
980 31
981 37
982 32
983 37
984 38
985 30
986 32
987 30
988 38
989 29
990 34
991 39
992 26
993 23
994 32
995 28
996 38
997 23
998 36
999 21
1000 26
1001 26
1002 29
1003 28
1004 37
1005 26
1006 31
1007 34
1008 26
1009 29
1010 15
1011 22
1012 21
1013 27
1014 20
1015 28
1016 21
1017 21
1018 35
1019 31
1020 33
1021 24
1022 32
1023 24
1024 30
1025 24
1026 28
1027 24
1028 28
1029 24
1030 39
1031 27
1032 32
1033 33
1034 30
1035 26
1036 32
1037 27
1038 35
1039 24
1040 38
1041 41
1042 33
1043 39
1044 35
1045 28
1046 41
1047 22
1048 36
1049 39
1050 22
1051 37
1052 34
1053 41
1054 23
1055 21
1056 35
1057 23
1058 38
1059 31
1060 24
1061 18
1062 29
1063 23
1064 34
1065 32
1066 26
1067 27
1068 29
1069 27
1070 19
1071 31
1072 24
1073 16
1074 27
1075 28
1076 25
1077 20
1078 23
1079 30
1080 16
1081 29
1082 19
1083 33
1084 18
1085 21
1086 25
1087 23
1088 29
1089 18
1090 23
1091 19
1092 25
1093 21
1094 22
1095 29
1096 20
1097 31
1098 19
1099 20
1100 21
1101 24
1102 22
1103 21
1104 20
1105 19
1106 21
1107 17
1108 32
1109 15
1110 21
1111 18
1112 29
1113 29
1114 21
1115 19
1116 27
1117 22
1118 14
1119 21
1120 21
1121 29
1122 24
1123 16
1124 24
1125 18
1126 25
1127 26
1128 19
1129 21
1130 30
1131 27
1132 16
1133 25
1134 21
1135 19
1136 22
1137 22
1138 28
1139 27
1140 21
1141 21
1142 14
1143 20
1144 16
1145 28
1146 20
1147 21
1148 31
1149 26
1150 20
1151 22
1152 24
1153 18
1154 24
1155 27
1156 22
1157 18
1158 19
1159 17
1160 29
1161 24
1162 22
1163 21
1164 16
1165 21
1166 26
1167 17
1168 18
1169 22
1170 32
1171 19
1172 15
1173 21
1174 23
1175 27
1176 19
1177 28
1178 16
1179 20
1180 23
1181 17
1182 25
1183 21
1184 29
1185 21
1186 12
1187 26
1188 17
1189 18
1190 16
1191 24
1192 17
1193 28
1194 17
1195 16
1196 13
1197 14
1198 23
1199 16
1200 18
1201 14
1202 24
1203 23
1204 13
1205 12
1206 14
1207 24
1208 19
1209 21
1210 28
1211 17
1212 34
1213 11
1214 22
1215 33
1216 15
1217 17
1218 21
1219 19
1220 20
1221 16
1222 13
1223 14
1224 14
1225 16
1226 23
1227 11
1228 22
1229 18
1230 30
1231 21
1232 15
1233 24
1234 11
1235 19
1236 11
1237 17
1238 13
1239 21
1240 11
1241 11
1242 21
1243 19
1244 19
1245 14
1246 17
1247 16
1248 14
1249 21
1250 25
1251 17
1252 18
1253 14
1254 11
1255 14
1256 22
1257 18
1258 25
1259 16
1260 18
1261 17
1262 14
1263 17
1264 18
1265 24
1266 16
1267 15
1268 20
1269 14
1270 18
1271 20
1272 11
1273 18
1274 14
1275 14
1276 24
1277 19
1278 23
1279 16
1280 13
1281 14
1282 16
1283 11
1284 19
1285 14
1286 11
1287 17
1288 7
1289 16
1290 16
1291 20
1292 13
1293 21
1294 13
1295 15
1296 16
1297 18
1298 9
1299 21
1300 16
1301 18
1302 12
1303 10
1304 15
1305 19
1306 6
1307 16
1308 15
1309 17
1310 21
1311 19
1312 14
1313 16
1314 21
1315 13
1316 10
1317 16
1318 9
1319 17
1320 19
1321 18
1322 18
1323 15
1324 13
1325 15
1326 21
1327 14
1328 12
1329 14
1330 13
1331 15
1332 10
1333 16
1334 12
1335 14
1336 13
1337 12
1338 17
1339 21
1340 14
1341 12
1342 9
1343 13
1344 14
1345 13
1346 13
1347 12
1348 13
1349 20
1350 10
1351 22
1352 8
1353 18
1354 19
1355 14
1356 17
1357 20
1358 20
1359 14
1360 13
1361 14
1362 9
1363 14
1364 15
1365 18
1366 11
1367 9
1368 16
1369 19
1370 15
1371 10
1372 14
1373 19
1374 17
1375 19
1376 9
1377 14
1378 21
1379 16
1380 16
1381 13
1382 19
1383 13
1384 15
1385 7
1386 16
1387 9
1388 19
1389 12
1390 14
1391 13
1392 17
1393 25
1394 22
1395 13
1396 14
1397 12
1398 15
1399 11
1400 17
1401 11
1402 14
1403 14
1404 15
1405 8
1406 10
1407 14
1408 20
1409 15
1410 14
1411 19
1412 18
1413 15
1414 8
1415 15
1416 19
1417 11
1418 12
1419 17
1420 15
1421 11
1422 14
1423 15
1424 9
1425 15
1426 15
1427 20
1428 23
1429 11
1430 9
1431 9
1432 10
1433 8
1434 11
1435 9
1436 11
1437 11
1438 14
1439 8
1440 13
1441 16
1442 12
1443 15
1444 13
1445 14
1446 15
1447 10
1448 11
1449 12
1450 12
1451 15
1452 19
1453 15
1454 13
1455 10
1456 18
1457 13
1458 11
1459 15
1460 19
1461 14
1462 14
1463 17
1464 10
1465 11
1466 10
1467 8
1468 10
1469 10
1470 15
1471 8
1472 18
1473 7
1474 7
1475 14
1476 15
1477 17
1478 14
1479 19
1480 10
1481 8
1482 10
1483 10
1484 12
1485 15
1486 9
1487 6
1488 11
1489 7
1490 10
1491 26
1492 14
1493 12
1494 10
1495 10
1496 12
1497 11
1498 10
1499 8
1500 9
1501 13
1502 14
1503 12
1504 12
1505 16
1506 25
1507 20
1508 11
1509 14
1510 9
1511 10
1512 9
1513 11
1514 12
1515 12
1516 14
1517 12
1518 11
1519 12
1520 16
1521 18
1522 10
1523 11
1524 13
1525 11
1526 13
1527 11
1528 15
1529 17
1530 10
1531 13
1532 9
1533 10
1534 12
1535 11
1536 7
1537 15
1538 11
1539 8
1540 8
1541 12
1542 11
1543 9
1544 7
1545 8
1546 9
1547 7
1548 7
1549 16
1550 8
1551 11
1552 12
1553 12
1554 13
1555 7
1556 8
1557 7
1558 9
1559 10
1560 10
1561 9
1562 4
1563 10
1564 9
1565 11
1566 9
1567 6
1568 11
1569 9
1570 9
1571 11
1572 13
1573 12
1574 9
1575 12
1576 14
1577 12
1578 8
1579 3
1580 12
1581 14
1582 13
1583 13
1584 16
1585 10
1586 13
1587 11
1588 14
1589 13
1590 6
1591 9
1592 5
1593 9
1594 6
1595 10
1596 10
1597 7
1598 9
1599 5
1600 10
1601 4
1602 11
1603 8
1604 7
1605 13
1606 8
1607 9
1608 9
1609 7
1610 10
1611 8
1612 10
1613 10
1614 4
1615 8
1616 9
1617 10
1618 7
1619 7
1620 10
1621 8
1622 15
1623 8
1624 3
1625 2
1626 5
1627 8
1628 6
1629 8
1630 14
1631 12
1632 12
1633 13
1634 14
1635 8
1636 10
1637 7
1638 8
1639 11
1640 3
1641 12
1642 7
1643 7
1644 8
1645 8
1646 5
1647 11
1648 4
1649 6
1650 6
1651 8
1652 15
1653 9
1654 8
1655 7
1656 12
1657 6
1658 11
1659 10
1660 8
1661 13
1662 5
1663 7
1664 5
1665 6
1666 14
1667 15
1668 10
1669 8
1670 9
1671 7
1672 6
1673 8
1674 6
1675 11
1676 8
1677 9
1678 10
1679 9
1680 12
1681 4
1682 6
1683 9
1684 6
1685 9
1686 12
1687 11
1688 8
1689 13
1690 13
1691 8
1692 9
1693 6
1694 7
1695 11
1696 12
1697 8
1698 6
1699 10
1700 7
1701 7
1702 4
1703 11
1704 9
1705 6
1706 9
1707 5
1708 14
1709 5
1710 5
1711 4
1712 5
1713 7
1714 15
1715 10
1716 4
1717 10
1718 10
1719 11
1720 9
1721 8
1722 13
1723 5
1724 7
1725 8
1726 15
1727 8
1728 9
1729 13
1730 8
1731 8
1732 8
1733 7
1734 5
1735 11
1736 7
1737 11
1738 9
1739 9
1740 9
1741 6
1742 8
1743 10
1744 9
1745 7
1746 8
1747 10
1748 6
1749 9
1750 1
1751 7
1752 6
1753 9
1754 3
1755 4
1756 6
1757 2
1758 5
1759 14
1760 12
1761 10
1762 7
1763 12
1764 6
1765 8
1766 7
1767 4
1768 8
1769 11
1770 6
1771 10
1772 4
1773 2
1774 10
1775 7
1776 9
1777 5
1778 6
1779 4
1780 7
1781 7
1782 5
1783 7
1784 6
1785 7
1786 11
1787 3
1788 11
1789 8
1790 5
1791 5
1792 5
1793 10
1794 4
1795 6
1796 11
1797 5
1798 6
1799 11
1800 6
1801 8
1802 10
1803 3
1804 5
1805 3
1806 10
1807 7
1808 7
1809 6
1810 8
1811 7
1812 10
1813 7
1814 9
1815 7
1816 7
1817 8
1818 6
1819 7
1820 2
1821 4
1822 9
1823 5
1824 6
1825 5
1826 4
1827 5
1828 6
1829 5
1830 8
1831 4
1832 7
1833 4
1834 4
1835 13
1836 7
1837 12
1838 5
1839 10
1840 5
1841 8
1842 11
1843 6
1844 3
1845 4
1846 7
1847 9
1848 7
1849 9
1850 6
1851 4
1852 8
1853 5
1854 7
1855 9
1856 7
1857 5
1858 12
1859 6
1860 8
1861 3
1862 6
1863 4
1864 8
1865 2
1866 6
1867 4
1868 8
1869 6
1870 5
1871 11
1872 11
1873 4
1874 4
1875 8
1876 9
1877 5
1878 7
1879 5
1880 7
1881 3
1882 6
1883 10
1884 7
1885 4
1886 1
1887 10
1888 12
1889 5
1890 4
1891 5
1892 12
1893 7
1894 4
1895 6
1896 7
1897 5
1898 3
1899 7
1900 9
1901 7
1902 5
1903 5
1904 4
1905 6
1906 7
1907 9
1908 7
1909 9
1910 5
1911 4
1912 8
1913 6
1914 6
1915 8
1916 12
1917 5
1918 2
1919 7
1920 4
1921 10
1922 5
1923 6
1924 8
1925 8
1926 4
1927 8
1928 8
1929 8
1930 10
1931 3
1932 4
1933 4
1934 6
1935 5
1936 6
1937 3
1938 7
1939 7
1940 12
1941 5
1942 8
1943 6
1944 5
1945 6
1946 2
1947 3
1948 7
1949 4
1950 10
1951 7
1952 2
1953 6
1954 3
1955 5
1956 6
1957 11
1958 5
1959 4
1960 9
1961 12
1962 7
1963 6
1964 4
1965 4
1966 9
1967 7
1968 3
1969 3
1970 6
1971 8
1972 2
1973 5
1974 2
1975 12
1976 6
1977 4
1978 3
1979 3
1980 9
1981 8
1982 3
1983 7
1984 2
1985 10
1986 10
1987 9
1988 7
1989 3
1990 3
1991 4
1992 5
1993 7
1994 6
1995 5
1996 4
1997 9
1998 8
1999 7
2000 7
2001 12
2002 9
2003 9
2004 7
2005 2
2007 4
2008 7
2009 4
2010 3
2011 5
2012 3
2014 7
2015 5
2016 6
2017 8
2018 5
2019 3
2020 6
2021 5
2022 4
2023 3
2024 5
2025 7
2026 1
2027 7
2028 3
2029 5
2030 9
2031 4
2032 6
2033 6
2034 4
2035 4
2036 9
2037 3
2038 5
2039 5
2040 6
2041 5
2042 7
2043 10
2044 3
2045 2
2046 7
2047 6
2048 3
2049 4
2050 5
2051 4
2052 5
2053 8
2054 7
2055 5
2056 7
2057 1
2058 5
2059 7
2060 6
2061 10
2062 4
2063 7
2064 5
2065 5
2066 9
2067 6
2068 7
2069 3
2070 6
2071 1
2072 6
2073 1
2074 6
2075 3
2076 6
2077 7
2078 3
2079 11
2080 5
2081 6
2082 6
2083 4
2084 3
2085 6
2086 4
2087 5
2088 2
2089 6
2090 10
2091 3
2092 5
2093 8
2094 6
2095 5
2096 2
2097 5
2098 2
2099 6
2100 1
2101 6
2102 3
2103 6
2104 4
2105 3
2106 4
2107 6
2108 8
2109 3
2110 3
2111 2
2112 6
2113 5
2114 7
2115 5
2116 2
2117 6
2119 4
2120 2
2121 4
2122 4
2123 4
2124 8
2125 8
2126 4
2127 3
2128 3
2129 1
2130 6
2131 5
2132 4
2133 3
2134 2
2135 8
2136 8
2137 4
2138 8
2139 3
2140 5
2141 8
2142 6
2143 6
2144 7
2145 7
2146 4
2147 2
2148 3
2149 2
2150 6
2151 3
2152 10
2153 10
2154 4
2155 6
2156 3
2157 4
2158 6
2159 5
2160 5
2161 4
2162 4
2163 3
2164 4
2165 5
2166 6
2167 5
2168 6
2169 8
2170 5
2171 2
2172 3
2173 2
2174 2
2175 7
2176 3
2177 2
2178 4
2179 6
2180 4
2181 7
2182 4
2183 4
2184 3
2185 3
2186 3
2187 3
2188 4
2189 5
2190 7
2191 1
2192 8
2193 6
2194 7
2195 8
2196 5
2197 1
2198 4
2199 8
2200 3
2201 1
2202 5
2203 3
2204 3
2205 2
2206 1
2207 1
2208 8
2209 5
2210 2
2211 3
2212 2
2213 6
2214 3
2215 6
2216 1
2217 2
2218 5
2219 5
2220 4
2221 2
2222 7
2223 5
2224 2
2225 10
2226 6
2227 4
2228 8
2229 4
2230 4
2231 6
2232 5
2233 5
2234 4
2235 2
2236 3
2237 2
2238 6
2239 4
2240 7
2241 2
2242 6
2243 4
2244 4
2245 7
2246 3
2247 4
2248 5
2249 6
2250 6
2251 2
2252 5
2253 3
2254 8
2255 3
2257 3
2258 3
2259 5
2260 5
2261 4
2262 2
2263 2
2264 6
2265 8
2266 6
2267 2
2268 5
2269 5
2270 5
2271 3
2272 7
2273 3
2274 2
2275 1
2276 2
2277 1
2278 2
2279 5
2280 3
2281 1
2282 1
2283 4
2284 4
2285 4
2286 2
2287 3
2288 6
2289 4
2290 1
2291 4
2293 4
2294 5
2295 3
2296 8
2297 4
2298 6
2299 5
2300 3
2301 2
2302 4
2303 1
2304 5
2305 9
2306 3
2307 6
2308 4
2309 4
2310 4
2311 7
2312 5
2313 3
2314 2
2315 3
2316 4
2317 1
2318 2
2320 3
2321 3
2322 3
2323 4
2324 6
2325 6
2326 5
2327 2
2328 3
2329 3
2330 4
2331 3
2332 2
2333 7
2334 2
2335 4
2336 1
2337 4
2338 3
2339 1
2340 3
2341 3
2342 5
2343 3
2344 4
2345 4
2346 4
2347 2
2348 4
2349 4
2350 5
2351 4
2352 8
2353 2
2354 3
2355 3
2356 4
2357 3
2358 8
2359 7
2360 1
2361 6
2362 6
2363 4
2364 3
2365 3
2366 3
2367 6
2368 6
2369 3
2370 6
2371 6
2372 1
2373 5
2374 9
2375 2
2376 7
2377 3
2378 1
2379 3
2380 5
2381 1
2382 3
2383 5
2384 2
2385 5
2386 3
2387 4
2388 1
2389 2
2390 4
2392 3
2393 3
2394 4
2395 1
2396 4
2397 2
2398 7
2399 2
2400 6
2401 3
2402 2
2403 4
2404 6
2405 5
2406 4
2407 1
2408 3
2409 2
2410 4
2412 3
2413 1
2414 2
2415 4
2417 5
2418 2
2419 7
2420 6
2421 6
2422 4
2423 2
2424 2
2425 3
2426 1
2427 1
2428 3
2429 5
2430 2
2431 3
2432 1
2433 3
2434 5
2435 2
2436 1
2437 2
2438 5
2439 2
2440 3
2441 3
2442 6
2443 1
2444 4
2445 1
2446 3
2447 1
2448 3
2449 4
2450 1
2451 4
2452 2
2453 3
2454 2
2455 3
2456 1
2457 1
2458 2
2459 2
2460 1
2461 4
2462 2
2463 1
2464 4
2466 3
2467 3
2468 3
2469 3
2470 4
2471 3
2472 1
2473 4
2474 7
2475 5
2476 4
2477 2
2478 3
2479 3
2480 1
2481 2
2482 2
2483 5
2484 3
2485 1
2486 5
2487 3
2488 1
2490 6
2491 5
2492 6
2493 4
2494 2
2495 3
2496 2
2497 2
2498 8
2499 7
2500 1
2501 1
2502 2
2503 2
2504 3
2505 2
2506 2
2507 2
2508 2
2509 6
2510 2
2511 1
2512 2
2513 3
2514 4
2515 2
2516 1
2517 4
2518 4
2519 3
2520 4
2521 2
2522 3
2523 2
2524 4
2525 5
2526 5
2527 2
2528 2
2529 5
2530 2
2531 2
2532 4
2533 4
2534 1
2535 1
2536 1
2537 3
2538 3
2539 2
2540 3
2541 6
2542 3
2543 3
2544 4
2545 4
2546 5
2547 6
2548 3
2549 3
2550 2
2551 6
2552 3
2553 4
2554 2
2555 1
2556 6
2557 5
2558 6
2559 2
2560 4
2561 3
2562 2
2563 1
2564 6
2566 2
2567 3
2569 4
2570 5
2571 1
2572 4
2573 4
2574 2
2575 2
2576 5
2577 3
2578 2
2580 7
2581 1
2582 1
2583 4
2584 2
2585 7
2586 4
2587 1
2588 1
2589 1
2590 3
2591 5
2592 2
2593 3
2594 1
2595 2
2596 2
2597 4
2598 1
2600 4
2601 3
2602 3
2603 1
2604 3
2605 2
2606 2
2607 5
2608 5
2609 3
2610 2
2611 3
2612 2
2613 3
2614 3
2615 2
2616 4
2617 4
2619 2
2620 1
2621 5
2622 3
2623 3
2624 6
2625 1
2626 5
2627 2
2628 2
2629 5
2630 1
2631 2
2632 4
2633 2
2635 3
2636 3
2637 2
2638 1
2639 4
2640 1
2641 2
2642 3
2643 5
2644 2
2645 4
2647 4
2648 6
2649 3
2651 5
2652 6
2654 2
2655 3
2656 4
2657 4
2658 7
2659 3
2660 3
2661 3
2662 1
2663 1
2664 2
2665 1
2666 2
2667 1
2668 1
2669 1
2670 1
2671 4
2672 7
2673 3
2674 4
2675 1
2676 4
2677 2
2678 3
2679 1
2680 1
2681 1
2682 1
2683 1
2684 2
2685 3
2686 1
2687 3
2688 4
2689 2
2690 3
2691 6
2692 3
2693 1
2694 2
2695 2
2696 2
2698 1
2699 2
2700 2
2701 3
2702 1
2704 2
2706 3
2707 5
2708 3
2709 4
2711 2
2712 2
2713 2
2715 1
2716 2
2717 5
2718 3
2719 1
2720 4
2721 3
2722 3
2723 4
2724 2
2726 2
2727 2
2728 2
2729 1
2730 1
2731 3
2732 2
2733 1
2734 1
2735 1
2736 1
2738 1
2739 3
2740 4
2741 5
2742 2
2743 5
2744 4
2745 5
2746 5
2747 4
2748 3
2750 1
2751 2
2752 3
2753 4
2754 4
2755 1
2756 1
2757 3
2758 4
2759 3
2760 1
2761 4
2762 3
2763 2
2765 2
2766 5
2767 2
2768 2
2770 1
2771 2
2772 5
2773 1
2775 2
2776 5
2777 5
2778 2
2779 4
2780 2
2781 3
2782 1
2783 2
2784 3
2785 4
2787 2
2788 3
2789 3
2790 3
2791 1
2792 2
2793 2
2794 1
2795 4
2796 2
2797 1
2798 3
2799 4
2800 2
2801 1
2802 4
2803 1
2804 1
2805 3
2806 5
2807 1
2808 2
2809 3
2810 3
2812 5
2813 3
2815 2
2816 1
2817 1
2819 1
2820 2
2821 3
2822 1
2823 3
2824 5
2825 1
2826 3
2827 2
2828 3
2829 1
2830 1
2831 4
2832 1
2833 2
2834 3
2835 1
2836 3
2837 4
2838 3
2839 2
2840 1
2841 1
2842 2
2843 2
2844 3
2848 2
2849 2
2850 1
2851 2
2853 2
2854 1
2856 5
2857 1
2858 1
2859 4
2860 2
2861 1
2862 2
2863 3
2864 3
2865 2
2866 1
2867 1
2869 4
2871 2
2872 3
2873 5
2875 2
2876 6
2877 1
2878 5
2879 3
2880 1
2881 2
2882 2
2883 4
2884 3
2885 5
2886 4
2887 1
2888 3
2891 2
2892 2
2893 2
2894 4
2895 3
2896 1
2897 1
2898 1
2899 2
2900 2
2901 5
2902 1
2903 1
2905 2
2906 1
2907 3
2908 3
2909 3
2910 1
2911 3
2912 3
2913 2
2914 1
2915 4
2916 1
2917 2
2918 1
2920 2
2921 1
2922 2
2924 1
2925 4
2926 2
2927 2
2928 4
2929 4
2930 1
2932 3
2933 2
2934 1
2935 1
2936 2
2937 3
2939 1
2940 2
2941 1
2942 2
2943 5
2944 1
2945 3
2947 1
2948 4
2951 4
2952 2
2953 2
2954 3
2957 2
2958 1
2959 2
2960 1
2961 2
2962 2
2963 1
2964 1
2965 4
2967 3
2968 2
2970 3
2971 1
2972 2
2973 2
2974 2
2975 2
2976 2
2977 4
2978 1
2979 2
2980 5
2981 2
2982 1
2983 1
2984 2
2985 4
2986 2
2987 3
2988 2
2989 3
2990 3
2991 1
2992 3
2993 4
2994 1
2995 3
2996 1
2997 1
2998 3
2999 4
3000 2
3001 1
3002 3
3003 3
3004 3
3005 2
3006 5
3007 2
3008 3
3009 1
3010 1
3011 3
3012 3
3013 4
3014 2
3015 4
3016 1
3017 2
3018 1
3019 4
3020 3
3022 2
3023 3
3024 1
3025 1
3026 3
3027 3
3028 1
3031 1
3032 1
3033 2
3034 2
3035 3
3036 1
3037 2
3038 1
3039 2
3040 3
3041 1
3043 1
3044 2
3046 2
3047 2
3048 2
3049 2
3050 2
3051 2
3052 3
3054 1
3057 2
3058 3
3059 1
3060 2
3062 2
3063 2
3065 2
3068 1
3069 1
3070 4
3072 3
3073 1
3074 2
3075 5
3076 1
3077 3
3078 4
3079 3
3080 3
3081 2
3082 1
3087 1
3088 2
3089 2
3090 1
3091 2
3092 3
3093 1
3094 1
3095 2
3096 1
3097 2
3098 1
3100 2
3101 1
3102 1
3103 2
3104 3
3105 1
3106 2
3108 2
3110 2
3111 1
3112 2
3113 2
3114 1
3115 2
3117 1
3119 3
3120 1
3121 3
3122 1
3123 1
3124 2
3125 4
3126 3
3127 1
3128 1
3129 1
3130 2
3131 2
3132 1
3134 1
3135 1
3137 2
3138 3
3139 2
3140 2
3141 1
3143 1
3145 1
3146 1
3147 2
3148 1
3149 1
3150 1
3151 2
3152 2
3153 1
3154 2
3155 1
3156 1
3159 1
3160 1
3161 2
3162 4
3163 1
3165 1
3166 3
3167 1
3168 2
3169 1
3170 3
3171 2
3172 2
3174 1
3176 3
3177 1
3178 2
3179 1
3180 2
3181 2
3184 1
3185 1
3186 1
3187 2
3188 3
3190 2
3192 2
3195 1
3196 2
3197 3
3198 1
3200 1
3201 1
3202 1
3203 1
3204 1
3205 2
3206 1
3207 3
3209 3
3210 3
3213 2
3215 2
3216 2
3218 1
3219 2
3221 2
3224 1
3226 1
3227 4
3230 2
3231 3
3233 1
3234 2
3236 4
3237 2
3238 2
3240 1
3241 2
3242 1
3243 2
3244 1
3245 2
3247 4
3251 1
3252 3
3253 3
3255 3
3256 1
3258 2
3260 1
3261 2
3262 1
3263 1
3264 1
3265 2
3267 1
3268 1
3270 3
3271 1
3274 3
3277 4
3278 1
3280 1
3283 2
3284 1
3286 2
3288 4
3289 2
3290 5
3291 1
3293 1
3295 1
3296 2
3297 3
3298 1
3299 3
3300 4
3301 1
3302 1
3303 2
3305 5
3306 1
3309 3
3310 2
3311 1
3312 4
3313 2
3314 3
3315 1
3316 3
3317 1
3318 3
3321 1
3323 2
3324 1
3325 2
3327 1
3328 1
3329 3
3330 1
3331 1
3333 3
3334 1
3335 1
3337 2
3338 3
3339 1
3340 1
3341 2
3342 1
3343 2
3345 3
3346 4
3347 3
3349 2
3352 1
3353 3
3354 1
3356 1
3357 2
3358 2
3359 2
3360 4
3362 1
3363 2
3364 2
3365 1
3366 1
3368 1
3369 1
3370 1
3372 2
3373 2
3374 1
3377 1
3378 3
3380 1
3381 1
3382 1
3384 4
3385 1
3386 2
3387 2
3388 1
3390 1
3393 1
3396 1
3397 1
3398 1
3399 3
3400 1
3402 2
3404 2
3407 3
3409 1
3410 1
3411 5
3412 1
3413 1
3414 3
3415 1
3416 1
3417 2
3418 1
3419 3
3420 3
3421 1
3423 2
3425 1
3426 1
3428 1
3430 3
3432 1
3433 5
3435 4
3436 3
3439 1
3440 1
3442 3
3443 1
3445 1
3447 1
3449 1
3450 2
3451 3
3452 1
3453 3
3454 1
3456 2
3457 1
3458 1
3459 1
3460 1
3461 1
3462 4
3463 1
3464 1
3466 2
3467 1
3468 2
3469 2
3470 2
3471 1
3474 1
3477 3
3479 2
3481 2
3482 1
3483 2
3485 3
3486 4
3488 2
3489 4
3491 1
3492 1
3493 1
3494 1
3495 1
3496 1
3497 2
3499 1
3501 2
3502 3
3503 1
3504 1
3507 1
3508 2
3509 1
3510 2
3512 1
3513 1
3514 1
3515 2
3516 2
3517 1
3519 2
3520 1
3521 3
3522 1
3524 1
3526 4
3528 2
3530 2
3531 1
3532 1
3534 1
3535 1
3536 3
3537 1
3538 1
3539 2
3540 3
3541 2
3542 2
3543 2
3544 3
3547 1
3548 3
3549 1
3552 3
3554 2
3558 3
3562 2
3565 2
3566 2
3567 2
3568 2
3569 4
3570 3
3571 1
3572 3
3575 1
3578 3
3579 3
3580 3
3581 1
3583 1
3584 2
3586 2
3587 1
3588 2
3589 1
3591 1
3593 1
3594 2
3595 3
3602 1
3604 4
3606 1
3607 2
3608 3
3609 3
3610 3
3611 2
3612 4
3616 2
3617 1
3620 1
3621 1
3622 2
3625 1
3626 1
3627 2
3631 1
3633 1
3634 1
3635 2
3639 2
3642 1
3643 2
3645 1
3647 2
3648 1
3649 1
3651 1
3652 1
3654 2
3655 2
3656 2
3657 2
3658 1
3661 2
3662 1
3663 1
3664 1
3665 1
3666 1
3668 1
3670 1
3671 2
3673 2
3674 3
3678 1
3680 2
3681 1
3683 1
3684 1
3685 1
3686 2
3688 1
3691 1
3693 3
3694 2
3695 1
3701 1
3702 1
3705 1
3706 1
3707 1
3708 2
3709 1
3710 1
3711 4
3712 2
3713 1
3716 3
3717 1
3718 1
3720 1
3724 1
3725 3
3726 2
3729 1
3731 2
3732 1
3736 2
3737 3
3738 1
3741 2
3743 2
3744 1
3745 2
3746 1
3747 2
3748 1
3749 1
3751 4
3752 1
3755 2
3756 1
3759 2
3760 1
3761 1
3762 2
3765 2
3766 3
3767 1
3768 1
3769 2
3770 1
3772 1
3773 1
3774 2
3777 3
3778 1
3780 1
3781 3
3782 1
3785 2
3788 1
3789 1
3790 1
3792 3
3794 3
3795 1
3797 2
3798 2
3799 2
3800 1
3801 1
3802 2
3803 2
3804 3
3805 3
3810 1
3811 1
3813 2
3814 1
3817 1
3818 2
3821 1
3822 1
3823 1
3825 1
3828 1
3829 4
3831 2
3833 1
3835 1
3839 1
3844 1
3845 1
3847 1
3848 1
3849 2
3850 3
3855 1
3856 2
3857 1
3863 1
3864 1
3865 1
3866 1
3867 2
3869 1
3870 2
3872 1
3873 1
3874 2
3875 2
3876 3
3878 3
3879 2
3880 1
3882 1
3883 2
3885 1
3886 1
3889 2
3891 1
3894 2
3895 1
3897 1
3898 1
3899 3
3902 1
3903 1
3904 1
3906 1
3907 3
3908 3
3911 3
3912 2
3915 2
3916 2
3917 1
3919 2
3921 2
3922 1
3923 2
3924 3
3925 1
3926 1
3929 1
3930 1
3932 1
3934 1
3935 1
3936 1
3937 4
3939 2
3940 1
3941 1
3943 1
3944 1
3945 1
3946 1
3948 1
3950 1
3951 2
3952 2
3953 2
3955 1
3956 1
3957 1
3960 1
3964 1
3966 2
3972 1
3973 2
3974 1
3975 1
3976 3
3977 1
3978 1
3980 1
3981 3
3982 4
3986 1
3987 2
3988 1
3989 2
3991 1
3992 2
3993 3
3995 2
3997 1
3998 1
3999 1
4000 1
4001 2
4003 2
4006 1
4007 2
4009 1
4010 2
4013 2
4015 1
4017 1
4019 3
4020 1
4021 1
4023 5
4027 1
4031 2
4032 2
4034 1
4036 1
4037 1
4038 1
4040 2
4041 1
4042 1
4043 2
4045 2
4047 2
4055 1
4056 1
4058 1
4059 1
4060 1
4061 1
4062 1
4065 2
4066 2
4068 1
4069 2
4070 5
4072 2
4074 2
4075 2
4077 2
4078 1
4079 1
4080 1
4082 1
4085 1
4092 1
4097 1
4099 2
4100 1
4101 2
4102 3
4103 1
4104 3
4105 1
4107 1
4108 1
4109 1
4111 2
4113 1
4114 1
4115 1
4116 1
4117 1
4118 1
4119 1
4120 1
4121 2
4124 1
4125 1
4126 1
4127 1
4128 1
4129 2
4130 1
4131 2
4134 1
4136 2
4138 1
4140 1
4142 1
4145 1
4149 1
4152 2
4153 2
4154 1
4156 1
4158 2
4160 2
4161 1
4163 1
4166 1
4167 1
4169 1
4173 1
4174 1
4176 1
4177 2
4178 1
4179 1
4180 2
4183 1
4184 1
4186 1
4187 1
4189 2
4190 1
4191 1
4192 1
4194 1
4195 2
4198 2
4199 3
4203 2
4204 1
4205 2
4207 1
4209 2
4213 2
4216 1
4217 2
4218 1
4219 2
4223 2
4224 1
4225 1
4226 1
4228 1
4229 1
4230 1
4231 1
4232 1
4233 1
4235 1
4236 1
4237 2
4240 1
4242 2
4243 1
4246 1
4247 1
4248 3
4249 1
4253 4
4256 1
4258 1
4259 1
4260 1
4261 3
4262 1
4263 1
4268 1
4270 1
4271 1
4272 1
4273 1
4276 1
4277 1
4279 3
4281 1
4282 1
4288 2
4290 2
4291 1
4292 1
4296 1
4298 1
4299 1
4300 3
4301 1
4302 1
4305 2
4309 2
4311 1
4312 1
4314 1
4315 1
4316 1
4317 1
4318 1
4321 1
4323 1
4324 1
4325 2
4327 2
4328 2
4329 1
4331 1
4332 1
4333 1
4336 3
4339 4
4342 1
4351 2
4355 2
4356 1
4361 1
4364 1
4366 1
4367 1
4368 1
4370 1
4378 2
4380 2
4381 1
4382 1
4388 1
4389 2
4390 1
4393 1
4398 2
4400 1
4402 3
4403 1
4405 1
4406 1
4407 1
4409 1
4410 1
4411 1
4412 1
4413 1
4414 1
4415 1
4417 1
4419 1
4420 1
4421 2
4422 2
4424 1
4427 1
4430 1
4433 1
4436 1
4437 1
4438 1
4440 1
4441 2
4442 1
4449 1
4453 1
4454 1
4456 1
4457 1
4459 2
4460 1
4462 1
4466 1
4467 1
4469 1
4474 1
4477 1
4478 1
4482 1
4485 1
4486 1
4487 1
4488 2
4489 1
4492 2
4494 1
4502 1
4503 1
4508 2
4513 1
4515 1
4518 2
4520 1
4532 1
4533 1
4534 1
4538 1
4540 1
4541 1
4543 2
4545 1
4547 2
4548 2
4549 1
4551 2
4558 2
4559 1
4562 2
4564 1
4567 1
4569 1
4574 1
4576 1
4580 1
4582 1
4583 1
4585 2
4587 1
4591 1
4593 2
4594 1
4595 2
4600 2
4605 2
4608 1
4612 1
4614 2
4616 1
4618 1
4620 2
4621 1
4622 2
4623 1
4624 1
4627 1
4629 1
4630 1
4635 3
4636 1
4637 1
4645 2
4646 1
4647 2
4649 1
4650 1
4655 1
4656 1
4662 1
4664 2
4666 2
4675 1
4677 1
4678 1
4682 1
4683 2
4684 1
4685 2
4686 1
4690 1
4696 2
4697 1
4699 1
4700 1
4702 1
4703 1
4705 1
4707 1
4709 2
4712 1
4717 1
4718 1
4719 2
4720 1
4722 1
4723 1
4724 1
4725 1
4727 1
4730 2
4738 1
4745 1
4754 1
4758 1
4766 1
4767 1
4773 1
4778 1
4780 1
4786 1
4787 1
4788 1
4796 1
4798 1
4803 2
4804 1
4805 2
4806 2
4807 1
4809 1
4810 2
4811 1
4816 1
4817 2
4821 1
4824 1
4832 2
4835 2
4841 1
4847 1
4849 1
4852 1
4857 1
4859 1
4860 1
4862 1
4864 1
4870 1
4873 1
4874 1
4877 1
4878 1
4884 2
4886 1
4890 1
4892 1
4894 1
4895 2
4896 2
4897 1
4898 2
4900 1
4904 1
4905 1
4910 2
4911 1
4912 1
4914 1
4915 1
4916 1
4919 1
4920 2
4923 2
4925 2
4926 2
4929 1
4931 1
4936 1
4937 1
4939 1
4941 1
4946 1
4954 1
4955 2
4958 1
4961 1
4962 2
4963 1
4965 1
4978 1
4979 1
4989 2
4990 1
4992 1
4996 1
5002 1
5004 1
5006 2
5008 1
5009 1
5011 2
5012 3
5013 3
5014 1
5018 1
5019 1
5020 2
5022 1
5027 1
5029 3
5033 1
5041 1
5042 1
5049 1
5051 1
5052 1
5053 1
5054 1
5055 1
5066 1
5069 1
5074 1
5076 1
5078 1
5081 1
5082 1
5084 1
5085 1
5089 1
5092 1
5101 1
5102 1
5106 1
5109 1
5111 1
5115 1
5116 1
5117 1
5118 1
5121 1
5122 2
5127 1
5131 1
5145 1
5149 1
5152 1
5156 1
5160 1
5161 1
5162 1
5164 2
5166 1
5175 1
5180 1
5182 1
5186 1
5189 1
5191 2
5192 1
5194 2
5195 1
5199 1
5201 1
5207 2
5209 1
5214 1
5216 1
5217 1
5218 1
5222 1
5223 1
5225 2
5228 2
5232 1
5234 1
5244 1
5248 1
5249 1
5251 1
5252 2
5253 2
5254 2
5257 1
5259 1
5261 1
5265 1
5266 1
5267 2
5270 1
5280 1
5282 1
5283 1
5286 1
5287 1
5291 1
5295 1
5297 1
5298 1
5300 1
5303 1
5304 1
5312 1
5317 1
5318 2
5320 3
5323 1
5326 1
5331 1
5334 2
5337 1
5341 1
5353 1
5356 1
5357 1
5359 1
5360 1
5373 1
5384 1
5387 2
5388 2
5389 1
5391 1
5392 1
5393 1
5394 2
5397 1
5398 2
5403 1
5406 2
5407 1
5409 2
5410 1
5412 1
5414 1
5415 1
5417 1
5419 2
5421 2
5426 1
5427 1
5432 1
5434 1
5436 1
5439 1
5440 1
5441 1
5442 1
5447 1
5449 1
5453 1
5454 1
5455 1
5463 1
5466 2
5467 1
5472 2
5482 2
5487 1
5494 2
5500 1
5502 1
5504 1
5512 1
5513 1
5519 1
5520 2
5522 2
5523 2
5526 1
5527 1
5528 1
5530 1
5536 1
5540 1
5543 1
5545 1
5550 1
5553 1
5555 1
5556 1
5561 1
5563 1
5564 1
5566 1
5571 1
5574 1
5579 2
5591 1
5594 1
5595 1
5598 1
5600 1
5603 1
5605 1
5606 1
5607 1
5610 1
5612 1
5614 1
5618 2
5623 1
5629 1
5636 1
5639 1
5644 1
5661 1
5665 1
5669 1
5673 1
5681 1
5683 1
5685 1
5690 1
5704 1
5705 1
5708 2
5711 1
5713 1
5714 1
5716 1
5733 2
5735 1
5738 2
5743 1
5751 1
5752 1
5753 1
5763 2
5770 1
5776 1
5777 1
5778 2
5779 1
5782 1
5783 1
5796 1
5797 1
5807 1
5811 1
5812 1
5818 1
5827 1
5828 1
5832 1
5840 1
5841 2
5844 1
5847 1
5849 1
5863 1
5867 1
5887 1
5890 1
5897 1
5898 2
5901 1
5907 1
5909 1
5910 1
5918 2
5919 1
5921 1
5926 1
5927 1
5932 1
5933 2
5934 1
5937 2
5939 1
5940 1
5948 1
5962 1
5965 1
5967 2
5969 1
5978 1
5983 1
5992 1
5998 1
5999 1
6004 2
6008 1
6009 1
6012 1
6015 1
6016 2
6024 2
6034 1
6037 1
6045 2
6048 1
6049 1
6052 1
6055 1
6056 1
6060 1
6064 1
6068 1
6075 1
6079 1
6080 1
6082 1
6087 1
6088 1
6094 1
6103 1
6110 1
6118 1
6145 1
6157 2
6158 1
6166 1
6167 1
6168 1
6173 1
6175 1
6180 1
6181 1
6184 1
6188 1
6190 1
6193 1
6197 3
6204 1
6211 1
6213 1
6218 1
6219 1
6225 1
6230 1
6231 1
6232 1
6233 1
6235 1
6236 1
6237 1
6243 1
6253 1
6254 1
6255 1
6262 2
6266 1
6269 1
6270 1
6277 1
6295 1
6296 1
6299 1
6301 1
6303 2
6316 1
6320 1
6323 1
6324 1
6326 1
6329 1
6331 1
6334 1
6339 1
6344 1
6350 1
6362 1
6368 1
6369 1
6376 1
6381 1
6382 1
6387 1
6388 1
6397 1
6405 1
6413 1
6415 1
6419 1
6422 2
6429 1
6456 1
6475 1
6477 1
6481 1
6482 1
6483 1
6484 2
6490 1
6502 1
6503 1
6509 1
6511 1
6513 1
6525 1
6528 2
6530 1
6532 1
6537 2
6545 2
6564 1
6569 2
6583 1
6584 1
6590 1
6593 1
6600 2
6610 1
6617 1
6638 1
6648 1
6651 1
6654 1
6655 1
6666 1
6667 2
6672 1
6681 1
6683 1
6687 1
6691 1
6694 1
6695 1
6698 1
6704 1
6712 1
6720 1
6725 1
6731 1
6740 1
6747 1
6761 1
6765 1
6770 1
6776 1
6777 1
6782 1
6784 1
6813 1
6816 1
6818 1
6823 1
6830 1
6833 1
6834 1
6840 1
6845 1
6847 1
6848 1
6852 1
6855 1
6866 2
6871 1
6880 1
6891 1
6901 1
6904 1
6924 1
6926 2
6927 1
6937 1
6940 1
6944 1
6946 1
6951 1
6962 1
6967 1
6969 1
6974 1
6975 1
6977 1
6992 1
6993 1
6995 1
7013 1
7014 1
7015 1
7022 1
7040 2
7042 1
7046 1
7049 1
7050 1
7065 1
7068 1
7075 1
7094 1
7095 1
7096 1
7097 1
7107 1
7112 1
7116 1
7120 2
7124 1
7130 1
7132 1
7137 1
7144 1
7155 1
7158 1
7183 1
7194 1
7205 1
7211 1
7217 1
7231 1
7244 1
7248 1
7252 1
7265 1
7266 1
7287 1
7297 1
7300 1
7317 1
7336 1
7337 1
7338 1
7341 1
7348 1
7357 1
7359 2
7385 1
7399 1
7410 1
7416 1
7427 1
7428 1
7438 1
7439 1
7470 1
7473 1
7477 2
7484 1
7488 1
7505 4
7513 1
7522 1
7523 1
7535 1
7554 1
7561 1
7564 1
7567 1
7582 1
7593 2
7635 1
7643 1
7646 2
7661 1
7672 1
7679 1
7684 1
7686 1
7687 2
7698 1
7723 1
7733 1
7736 1
7739 1
7752 1
7757 1
7766 1
7771 1
7785 2
7798 1
7800 1
7809 1
7822 1
7855 1
7870 1
7871 1
7882 1
7885 1
7892 2
7900 1
7921 1
7922 1
7947 1
7963 1
7974 1
7990 1
8008 2
8020 1
8027 1
8036 1
8038 1
8066 1
8081 1
8082 1
8085 1
8091 1
8094 1
8101 1
8132 1
8141 1
8143 1
8150 1
8162 1
8184 1
8192 1
8194 1
8205 1
8223 1
8230 2
8231 1
8234 1
8274 1
8294 1
8359 1
8374 1
8378 1
8379 1
8419 1
8422 1
8425 1
8429 1
8435 1
8452 1
8461 1
8466 2
8492 1
8495 1
8497 1
8500 1
8504 1
8507 1
8516 2
8535 1
8610 1
8616 1
8617 1
8637 1
8640 1
8641 1
8651 1
8655 1
8656 1
8663 1
8666 1
8667 1
8672 1
8674 1
8698 1
8711 1
8739 1
8740 1
8752 1
8776 1
8777 1
8778 1
8795 1
8814 1
8832 1
8855 1
8860 1
8867 1
8886 1
8914 1
8917 1
8924 1
8925 1
8937 2
8942 1
8952 1
8970 1
8981 1
8986 1
8992 1
9002 1
9058 1
9080 1
9139 1
9144 1
9171 1
9178 1
9200 1
9201 1
9228 1
9237 1
9244 1
9261 1
9266 1
9269 1
9278 1
9296 1
9318 1
9366 1
9385 1
9386 1
9400 1
9442 1
9456 1
9459 1
9471 1
9479 1
9519 1
9527 1
9564 1
9577 1
9596 1
9612 1
9633 1
9676 1
9677 1
9693 1
9714 1
9715 1
9719 1
9731 1
9735 1
9749 1
9776 1
9782 1
9788 1
9791 1
9794 1
9796 1
9839 2
9878 1
9924 1
9953 1
9964 1
9966 1
9982 1
9998 1
10029 1
10044 1
10050 1
10053 1
10065 1
10075 1
10204 1
10286 1
10311 1
10314 1
10333 1
10383 1
10404 1
10409 1
10427 1
10431 1
10446 1
10532 1
10542 1
10565 1
10572 1
10626 1
10632 1
10644 1
10651 1
10713 1
10728 1
10752 1
10775 1
10777 1
10797 1
10859 1
10863 1
10871 1
10876 1
10898 1
10951 1
10976 1
11012 1
11129 1
11241 1
11304 1
11373 1
11413 1
11447 1
11459 1
11470 1
11493 1
11512 1
11523 1
11560 1
11610 1
11660 1
11662 1
11692 1
11790 1
11809 1
11833 1
11860 1
11867 1
11878 1
11906 1
11946 1
12006 1
12033 1
12039 1
12090 1
12106 1
12161 1
12369 1
12408 1
12447 1
12543 1
12593 1
12601 1
12883 1
12983 1
13035 1
13039 1
13045 1
13081 1
13176 1
13199 1
13383 1
13516 1
13593 1
13640 1
13877 1
14037 1
14103 1
14219 1
14331 2
14333 1
14380 1
14616 1
14674 1
14742 1
15079 1
15271 1
15395 1
15548 1
15558 1
15731 1
15794 1
15827 1
15924 1
16119 1
16261 1
16536 1
16579 1
16801 1
17053 1
17399 1
17438 1
17583 1
17760 1
17774 1
17842 1
18013 1
18023 1
18389 1
18415 1
18604 1
18648 1
18670 1
18798 1
18799 1
18809 1
19211 1
19355 1
19477 1
19516 1
20399 1
20700 1
20792 1
21749 1
22195 1
23041 1
23394 1
23472 1
23512 1
24167 1
24323 1
24429 1
24559 1
27837 1
28182 1
28268 1
28900 1
32005 1
36188 1
