1 112909
2 73486
3 52368
4 40843
5 27726
6 19813
7 12866
8 10553
9 6798
10 6608
11 4390
12 4081
13 2701
14 2578
15 1973
16 1682
17 1351
18 1190
19 1047
20 1116
21 766
22 622
23 556
24 594
25 436
26 364
27 349
28 332
29 284
30 223
31 246
32 192
33 172
34 188
35 158
36 148
37 117
38 124
39 118
40 103
41 70
42 82
43 80
44 55
45 65
46 58
47 56
48 64
49 42
50 46
51 48
52 39
53 43
54 46
55 40
56 41
57 27
58 30
59 24
60 26
61 15
62 23
63 26
64 17
65 35
66 19
67 24
68 18
69 25
70 16
71 12
72 21
73 19
74 14
75 14
76 15
77 12
78 11
79 21
80 16
81 13
82 4
83 9
84 8
85 14
86 11
87 9
88 6
89 7
90 9
91 13
92 7
93 14
94 11
95 7
96 5
97 4
98 6
99 7
100 8
101 6
102 2
103 9
104 8
105 5
106 4
107 5
108 5
109 6
110 1
111 5
112 6
113 4
114 4
115 6
116 3
117 4
118 6
119 3
120 3
122 2
123 4
124 4
125 4
126 4
127 4
128 4
129 5
130 4
131 2
132 2
133 1
134 4
135 3
136 7
137 2
139 5
140 5
141 1
142 2
143 2
144 3
145 5
146 3
148 2
149 1
150 2
152 2
153 1
159 2
160 1
161 1
162 1
163 3
164 2
165 1
166 1
168 2
169 3
170 1
172 4
173 2
174 2
176 1
180 2
181 2
182 1
183 2
184 1
186 1
188 3
189 3
190 1
191 1
192 2
194 3
195 1
197 1
199 2
200 1
201 1
203 1
204 1
205 2
207 1
208 1
210 2
211 1
213 1
214 1
216 2
218 1
219 2
220 1
221 2
226 1
229 2
230 1
231 1
234 1
235 1
236 1
237 1
239 2
240 1
241 2
245 2
248 1
256 1
259 1
262 2
266 1
268 1
273 1
276 1
279 1
285 1
289 1
290 1
292 1
297 1
298 3
299 1
305 1
307 1
318 1
322 1
324 1
326 1
331 1
340 1
343 1
345 1
347 1
349 1
359 1
360 1
395 1
397 1
401 1
404 2
405 1
407 5
412 1
413 1
414 1
415 1
419 1
424 2
430 1
434 1
436 1
438 1
441 1
443 1
459 1
466 2
470 1
473 3
482 1
502 1
569 1
617 1
647 1
679 1
686 1
689 1
691 1
719 1
726 1
728 1
787 1
795 1
864 1
874 1
898 1
910 1
947 3
1004 1
1019 1
1101 1
1784 3
2224 1
2425 1
4151 1
7838 1
8122 5
8127 1
9960 14
9969 1
