1 2443673
2 645043
3 291869
4 165776
5 107166
6 75231
7 55686
8 42352
9 33424
10 27216
11 22306
12 18947
13 16280
14 13746
15 11926
16 10466
17 9346
18 8132
19 7251
20 6650
21 6012
22 5478
23 4977
24 4418
25 4140
26 3790
27 3459
28 3254
29 3025
30 2911
31 2580
32 2511
33 2271
34 2173
35 1984
36 1912
37 1816
38 1704
39 1599
40 1542
41 1431
42 1371
43 1275
44 1234
45 1187
46 1089
47 1078
48 960
49 960
50 929
51 846
52 816
53 798
54 733
55 792
56 699
57 669
58 678
59 646
60 591
61 565
62 589
63 511
64 544
65 477
66 508
67 471
68 453
69 466
70 473
71 388
72 403
73 403
74 379
75 371
76 352
77 339
78 339
79 314
80 327
81 333
82 318
83 314
84 297
85 274
86 268
87 270
88 264
89 240
90 257
91 240
92 233
93 227
94 207
95 225
96 215
97 207
98 212
99 213
100 203
101 177
102 182
103 194
104 186
105 173
106 147
107 180
108 144
109 153
110 157
111 134
112 146
113 131
114 166
115 130
116 148
117 147
118 135
119 122
120 125
121 112
122 114
123 117
124 120
125 111
126 94
127 104
128 107
129 100
130 94
131 100
132 99
133 96
134 90
135 106
136 93
137 75
138 70
139 85
140 76
141 89
142 70
143 77
144 79
145 55
146 71
147 69
148 66
149 67
150 63
151 66
152 57
153 74
154 74
155 70
156 63
157 74
158 65
159 54
160 71
161 60
162 58
163 52
164 58
165 53
166 47
167 44
168 54
169 41
170 63
171 44
172 47
173 46
174 55
175 47
176 49
177 47
178 44
179 32
180 40
181 42
182 51
183 37
184 56
185 33
186 37
187 34
188 42
189 32
190 36
191 45
192 39
193 37
194 37
195 35
196 27
197 43
198 34
199 28
200 32
201 29
202 29
203 37
204 30
205 30
206 28
207 28
208 33
209 23
210 39
211 28
212 31
213 30
214 34
215 19
216 35
217 36
218 22
219 34
220 28
221 20
222 19
223 28
224 25
225 22
226 26
227 20
228 34
229 25
230 29
231 18
232 26
233 25
234 29
235 27
236 29
237 24
238 20
239 28
240 24
241 18
242 23
243 28
244 20
245 32
246 20
247 27
248 19
249 19
250 19
251 27
252 23
253 19
254 20
255 22
256 22
257 26
258 26
259 14
260 22
261 20
262 20
263 18
264 18
265 12
266 24
267 20
268 19
269 16
270 20
271 9
272 19
273 24
274 12
275 18
276 22
277 17
278 12
279 11
280 16
281 12
282 13
283 14
284 14
285 19
286 11
287 11
288 15
289 12
290 11
291 10
292 14
293 13
294 14
295 11
296 13
297 10
298 11
299 8
300 7
301 12
302 14
303 14
304 12
305 12
306 16
307 12
308 11
309 7
310 13
311 10
312 11
313 11
314 12
315 7
316 11
317 10
318 10
319 11
320 13
321 13
322 9
323 8
324 5
325 8
326 5
327 13
328 8
329 7
330 7
331 15
332 12
333 6
334 7
335 12
336 9
337 5
338 10
339 9
340 11
341 5
342 13
343 5
344 9
345 8
346 9
347 7
348 4
349 10
350 7
351 8
352 7
353 8
354 5
355 6
356 10
357 10
358 6
359 10
360 4
361 8
362 10
363 11
364 5
365 9
366 4
367 8
368 2
369 4
370 7
371 12
372 2
373 6
374 9
375 9
376 7
377 12
378 8
379 4
380 8
381 5
382 6
383 9
384 8
385 4
386 4
387 6
388 5
389 3
390 7
391 10
392 6
393 10
394 3
395 6
396 4
397 3
398 8
399 1
400 4
401 12
402 3
403 3
404 6
405 5
406 5
407 11
408 8
409 6
410 4
411 7
412 5
413 5
414 6
415 5
416 3
417 6
418 4
419 6
420 4
421 5
422 3
423 4
424 3
425 2
426 3
427 6
428 6
429 9
430 6
431 2
432 2
433 3
434 1
435 7
436 5
437 4
438 6
439 4
440 2
441 4
442 5
444 6
445 5
446 4
447 6
448 4
449 1
450 3
451 4
452 5
453 2
454 8
455 10
456 4
457 4
458 4
459 1
460 4
461 3
462 4
463 4
464 7
465 5
466 3
467 4
468 4
469 2
470 5
471 5
472 6
473 1
474 6
475 4
476 3
477 3
478 8
479 4
480 6
481 7
482 6
483 5
484 4
485 3
486 1
487 4
488 7
489 2
490 5
491 5
492 2
493 7
494 5
495 1
496 2
497 2
498 2
499 1
500 1
501 2
502 2
503 1
504 1
505 3
506 2
507 3
508 2
509 5
510 6
511 2
512 2
513 4
514 1
515 5
516 2
517 1
518 3
519 5
520 2
521 2
522 2
523 5
524 2
525 2
526 4
527 3
529 3
531 4
532 2
533 5
534 2
535 2
536 2
538 5
539 1
540 2
541 3
542 1
543 3
544 3
545 1
546 4
547 2
548 4
549 1
550 5
551 4
552 3
553 2
554 1
555 1
556 1
557 1
558 2
560 2
561 4
562 3
563 3
564 1
565 3
566 2
567 3
569 1
570 3
571 4
572 3
574 2
576 3
577 4
578 2
579 2
581 6
582 2
583 4
584 3
585 2
586 2
588 1
589 3
590 1
591 4
592 1
594 4
595 3
596 2
597 1
599 2
600 4
602 2
603 2
604 2
605 3
607 3
608 3
611 3
612 1
614 3
615 1
616 1
618 1
619 1
620 1
621 1
622 3
623 2
625 2
627 3
628 3
630 1
631 2
633 1
634 1
636 1
637 1
640 1
642 1
643 1
644 1
647 2
648 1
649 2
650 1
651 1
652 3
653 2
654 2
655 2
657 1
659 3
660 3
661 1
662 2
663 1
664 3
666 2
667 3
669 3
670 3
673 3
674 1
675 1
677 1
678 1
679 3
682 1
683 3
684 1
687 1
688 1
689 1
690 1
693 1
694 1
695 3
696 1
697 1
700 3
701 1
702 1
703 1
705 1
706 1
707 1
708 1
709 2
710 2
711 2
714 1
715 1
716 1
719 2
722 1
723 2
726 1
732 1
734 1
735 2
737 3
739 1
740 3
741 1
742 1
745 2
746 1
747 3
748 1
750 2
751 1
753 3
755 1
757 2
758 1
759 1
760 2
762 1
766 1
771 1
778 2
779 2
781 1
783 3
785 2
786 2
787 1
788 1
790 1
791 1
793 1
794 1
795 1
797 1
799 1
801 1
802 2
804 2
806 1
807 2
808 2
812 1
813 2
815 1
816 1
817 1
818 1
819 1
822 1
825 1
827 1
828 1
830 1
836 2
837 1
838 1
840 3
844 1
845 2
846 1
847 1
849 1
851 1
852 1
854 1
859 1
860 1
861 1
863 1
865 1
866 2
872 1
874 1
875 1
878 1
883 3
884 1
886 1
895 1
896 2
898 1
899 4
900 1
902 1
903 1
905 1
906 1
909 1
912 1
914 1
915 1
917 1
918 1
921 2
923 1
926 1
927 2
930 1
932 1
934 1
935 1
941 2
947 1
950 2
952 1
954 1
958 1
960 1
961 1
964 1
972 1
981 1
982 1
1001 1
1003 1
1005 1
1006 1
1007 1
1008 1
1011 3
1015 1
1017 1
1018 1
1021 3
1024 1
1026 1
1031 2
1032 1
1033 1
1037 1
1038 1
1039 1
1043 1
1048 1
1055 1
1056 1
1058 2
1060 1
1066 1
1068 1
1073 1
1075 1
1076 1
1081 1
1082 1
1085 1
1093 2
1095 1
1103 1
1106 1
1111 1
1115 1
1117 1
1129 2
1130 1
1138 1
1144 1
1145 1
1146 1
1147 1
1153 1
1156 1
1171 2
1196 2
1198 1
1212 1
1228 1
1231 1
1233 1
1234 1
1235 1
1236 1
1243 1
1256 1
1266 1
1274 2
1290 1
1292 1
1296 1
1297 1
1308 1
1315 1
1328 1
1335 1
1340 1
1349 2
1360 1
1362 1
1363 1
1396 2
1404 1
1405 1
1434 1
1463 1
1504 1
1525 1
1542 1
1557 1
1576 1
1580 1
1584 1
1593 1
1614 1
1626 1
1642 1
1648 1
1653 1
1666 1
1717 1
1741 1
1743 1
1752 1
1754 1
1791 1
1794 1
1799 1
1884 1
1917 1
1922 1
2019 1
2056 1
2091 1
2158 1
2161 1
2172 1
2220 1
2278 1
2329 2
2552 1
2565 1
2582 1
2744 1
2759 1
2873 1
2923 1
3027 1
3123 1
3711 1
3860 1
4861 1
5011 1
