1965 11412
1966 12291
1967 12525
1968 13310
1969 13832
1970 12736
1971 10787
1972 12489
1973 22621
1974 11881
1975 18046
1976 11781
1977 12278
1978 12729
1979 12841
1980 13047
1981 12646
1982 13137
1983 13300
1984 13378
1985 14100
1986 13791
1987 13975
1988 13549
1989 14444
1990 14603
1991 15033
1992 14974
1993 14052
1994 13398
1995 12935
1996 17076
1997 15205
1998 6227
1999 12939
2000 19288
2001 22762
2002 14424
2003 16090
2004 16395
2005 15187
2006 11005
2007 7848
2008 17774
2009 26631
2010 25316
2011 23659
2012 25561
2013 23368
2014 21441
